Iter MassIn(kg/s) MassOut(kg/s) Ratio
0 2.96441 2.46158e-135 0
1 3.01777 9.30578e-72 0
2 3.07113 6.30484e-49 0
3 3.12449 3.38434e-37 0
4 3.17785 4.58768e-30 0
5 3.23121 2.85745e-25 0
6 3.28457 7.97253e-22 0
7 3.33793 3.15463e-19 0
8 3.39129 3.37485e-17 0
9 3.44465 1.4406e-15 0
10 3.49801 3.14642e-14 0
11 3.55137 4.15235e-13 0
12 3.60473 3.71631e-12 9.69975e+11
13 3.65809 2.44994e-11 1.49313e+11
14 3.71145 1.26413e-10 2.93596e+10
15 3.7648 5.34354e-10 7.04553e+09
16 3.81816 1.91617e-09 1.9926e+09
17 3.87152 5.98996e-09 6.46336e+08
18 3.92488 1.66776e-08 2.35339e+08
19 3.97824 4.20766e-08 9.45476e+07
20 4.0316 9.75456e-08 4.13304e+07
21 4.08496 2.10182e-07 1.94353e+07
22 4.13832 4.24924e-07 9.73898e+06
23 4.19168 8.12407e-07 5.15958e+06
24 4.24504 1.47864e-06 2.87091e+06
25 4.2984 2.5764e-06 1.66838e+06
26 4.35176 4.31821e-06 1.00777e+06
27 4.40512 6.99063e-06 630147
28 4.45848 1.09695e-05 406442
29 4.51184 1.6736e-05 269589
30 4.5652 2.48926e-05 183396
31 4.61856 3.61794e-05 127657
32 4.67192 5.14896e-05 90735.1
33 4.72527 7.18845e-05 65734.2
34 4.77863 9.86074e-05 48461.2
35 4.83199 0.000133096 36304.6
36 4.88535 0.000176994 27601.8
37 4.93871 0.00023216 21272.9
38 4.99207 0.000300677 16602.8
39 5.04543 0.000384856 13109.9
40 5.09879 0.000487244 10464.5
41 5.15215 0.000610626 8437.49
42 5.20551 0.000758024 6867.21
43 5.25887 0.0009327 5638.33
44 5.31223 0.00113815 4667.41
45 5.36559 0.00137812 3893.42
46 5.41895 0.00165656 3271.21
47 5.47231 0.00197766 2767.06
48 5.52567 0.00234584 2355.52
49 5.57903 0.00276571 2017.21
50 5.63239 0.0032421 1737.26
51 5.68574 0.00378003 1504.15
52 5.7391 0.00438471 1308.89
53 5.79246 0.00506152 1144.41
54 5.84582 0.00581601 1005.13
55 5.89918 0.00665388 886.578
56 5.95254 0.007581 785.192
57 6.0059 0.00860336 698.088
58 6.05926 0.00972706 622.928
59 6.11262 0.0109583 557.805
60 6.16598 0.0123035 501.156
61 6.21934 0.0137691 451.69
62 6.2727 0.0153614 408.341
63 6.32606 0.0170872 370.222
64 6.37942 0.0189531 336.59
65 6.43278 0.0209657 306.824
66 6.48614 0.0231318 280.399
67 6.5395 0.0254582 256.872
68 6.59286 0.0279517 235.866
69 6.64621 0.030619 217.062
70 6.69957 0.033467 200.185
71 6.75293 0.0365025 184.999
72 6.80629 0.0397323 171.304
73 6.85965 0.0431632 158.924
74 6.91301 0.0468019 147.708
75 6.96637 0.0506552 137.525
76 7.01973 0.0547297 128.262
77 7.07309 0.0590321 119.818
78 7.12645 0.063569 112.106
79 7.17981 0.068347 105.049
80 7.23317 0.0733724 98.5817
81 7.28653 0.0786517 92.643
82 7.33989 0.0841912 87.1812
83 7.39325 0.0899971 82.1498
84 7.44661 0.0960757 77.5077
85 7.49997 0.102433 73.2182
86 7.55333 0.109075 69.2489
87 7.60668 0.116008 65.5706
88 7.66004 0.123237 62.1572
89 7.7134 0.130768 58.9855
90 7.76676 0.138607 56.0346
91 7.82012 0.146758 53.2857
92 7.87348 0.155229 50.7217
93 7.92684 0.164023 48.3275
94 7.9802 0.173147 46.0892
95 8.03356 0.182604 43.9944
96 8.08692 0.192401 42.0317
97 8.14028 0.202541 40.1908
98 8.19364 0.21303 38.4624
99 8.247 0.223871 36.8381
100 8.30036 0.235071 35.3101
101 8.35372 0.246632 33.8712
102 8.40708 0.258559 32.5151
103 8.46044 0.270856 31.2359
104 8.5138 0.283528 30.0281
105 8.56715 0.296577 28.8868
106 8.62051 0.310008 27.8074
107 8.67387 0.323824 26.7857
108 8.72723 0.338029 25.818
109 8.78059 0.352627 24.9005
110 8.83395 0.367619 24.0302
111 8.88731 0.38301 23.2039
112 8.94067 0.398802 22.4188
113 8.99403 0.414999 21.6724
114 9.04739 0.431603 20.9623
115 9.10075 0.448616 20.2863
116 9.15411 0.466041 19.6423
117 9.20747 0.483881 19.0284
118 9.26083 0.502138 18.4428
119 9.31419 0.520814 17.8839
120 9.36755 0.53991 17.3502
121 9.42091 0.55943 16.8402
122 9.47427 0.579374 16.3526
123 9.52762 0.599745 15.8861
124 9.58098 0.620544 15.4397
125 9.63434 0.641772 15.0121
126 9.6877 0.663432 14.6024
127 9.74106 0.685523 14.2097
128 9.79442 0.708048 13.833
129 9.84778 0.731007 13.4715
130 9.90114 0.754401 13.1245
131 9.9545 0.778232 12.7912
132 10.0079 0.802499 12.4709
133 10.0612 0.827204 12.1629
134 10.1146 0.852348 11.8667
135 10.1679 0.87793 11.5817
136 10.2213 0.903951 11.3074
137 10.2747 0.930411 11.0431
138 10.328 0.957311 10.7886
139 10.3814 0.98465 10.5432
140 10.4347 1.01243 10.3066
141 10.4881 1.04065 10.0784
142 10.5415 1.06931 9.85821
143 10.5948 1.0984 9.64564
144 10.6482 1.12794 9.44037
145 10.7015 1.15792 9.24207
146 10.7549 1.18833 9.05043
147 10.8083 1.21918 8.86518
148 10.8616 1.25047 8.68604
149 10.915 1.28219 8.51275
150 10.9683 1.31435 8.34505
151 11.0217 1.34695 8.18273
152 11.075 1.37997 8.02555
153 11.1284 1.41344 7.87331
154 11.1818 1.44733 7.7258
155 11.2351 1.48165 7.58284
156 11.2885 1.51641 7.44424
157 11.3418 1.55159 7.30983
158 11.3952 1.5872 7.17945
159 11.4486 1.62323 7.05294
160 11.5019 1.65969 6.93015
161 11.5553 1.69658 6.81094
162 11.6086 1.73388 6.69517
163 11.662 1.77161 6.58272
164 11.7154 1.80975 6.47346
165 11.7687 1.84832 6.36727
166 11.8221 1.88729 6.26404
167 11.8754 1.92668 6.16367
168 11.9288 1.96649 6.06604
169 11.9822 2.0067 5.97107
170 12.0355 2.04732 5.87866
171 12.0889 2.08835 5.78872
172 12.1422 2.12979 5.70115
173 12.1956 2.17162 5.61589
174 12.249 2.21386 5.53285
175 12.3023 2.2565 5.45196
176 12.3557 2.29953 5.37313
177 12.409 2.34296 5.29631
178 12.4624 2.38678 5.22143
179 12.5158 2.43099 5.14842
180 12.5691 2.47559 5.07722
181 12.6225 2.52058 5.00777
182 12.6758 2.56595 4.94002
183 12.7292 2.6117 4.87391
184 12.7826 2.65783 4.80939
185 12.8359 2.70434 4.7464
186 12.8893 2.75123 4.68491
187 12.9426 2.79849 4.62486
188 12.996 2.84612 4.56622
189 13.0493 2.89412 4.50892
190 13.1027 2.94248 4.45295
191 13.1561 2.99121 4.39825
192 13.2094 3.0403 4.34478
193 13.2628 3.08974 4.29252
194 13.3161 3.13955 4.24142
195 13.3695 3.18971 4.19145
196 13.4229 3.24022 4.14258
197 13.4762 3.29108 4.09478
198 13.5296 3.34228 4.04801
199 13.5829 3.39383 4.00224
200 13.6363 3.44573 3.95745
201 13.6897 3.49796 3.91361
202 13.743 3.55053 3.8707
203 13.7964 3.60343 3.82868
204 13.8497 3.65667 3.78753
205 13.9031 3.71024 3.74723
206 13.9565 3.76413 3.70775
207 14.0098 3.81835 3.66908
208 14.0632 3.87289 3.63118
209 14.1165 3.92775 3.59405
210 14.1699 3.98293 3.55766
211 14.2233 4.03842 3.52198
212 14.2766 4.09423 3.48701
213 14.33 4.15034 3.45272
214 14.3833 4.20677 3.41909
215 14.4367 4.2635 3.38612
216 14.4901 4.32053 3.35377
217 14.5434 4.37786 3.32204
218 14.5968 4.43549 3.2909
219 14.6501 4.49341 3.26036
220 14.7035 4.55163 3.23038
221 14.7568 4.61014 3.20096
222 14.8102 4.66894 3.17207
223 14.8636 4.72802 3.14372
224 14.9169 4.78738 3.11588
225 14.9703 4.84703 3.08855
226 15.0236 4.90695 3.06171
227 15.077 4.96715 3.03534
228 15.1304 5.02763 3.00944
229 15.1837 5.08837 2.984
230 15.2371 5.14939 2.95901
231 15.2904 5.21067 2.93445
232 15.3438 5.27222 2.91031
233 15.3972 5.33403 2.88659
234 15.4505 5.39609 2.86328
235 15.5039 5.45842 2.84036
236 15.5572 5.521 2.81783
237 15.6106 5.58383 2.79568
238 15.664 5.64692 2.77389
239 15.7173 5.71025 2.75247
240 15.7707 5.77383 2.73141
241 15.824 5.83766 2.71068
242 15.8774 5.90172 2.6903
243 15.9308 5.96603 2.67025
244 15.9841 6.03057 2.65051
245 16.0375 6.09535 2.6311
246 16.0908 6.16036 2.612
247 16.1442 6.2256 2.59319
248 16.1976 6.29108 2.57469
249 16.2509 6.35678 2.55647
250 16.3043 6.4227 2.53854
251 16.3576 6.48885 2.52088
252 16.411 6.55521 2.5035
253 16.4644 6.6218 2.48639
254 16.5177 6.6886 2.46953
255 16.5711 6.75562 2.45293
256 16.6244 6.82285 2.43658
257 16.6778 6.89029 2.42048
258 16.7311 6.95794 2.40461
259 16.7845 7.0258 2.38898
260 16.8379 7.09386 2.37358
261 16.8912 7.16213 2.35841
262 16.9446 7.23059 2.34346
263 16.9979 7.29926 2.32872
264 17.0513 7.36812 2.3142
265 17.1047 7.43718 2.29988
266 17.158 7.50644 2.28578
267 17.2114 7.57588 2.27187
268 17.2647 7.64552 2.25815
269 17.3181 7.71534 2.24463
270 17.3715 7.78535 2.2313
271 17.4248 7.85554 2.21816
272 17.4782 7.92592 2.20519
273 17.5315 7.99648 2.19241
274 17.5849 8.06722 2.1798
275 17.6383 8.13814 2.16736
276 17.6916 8.20923 2.15509
277 17.745 8.2805 2.14298
278 17.7983 8.35194 2.13104
279 17.8517 8.42356 2.11926
280 17.9051 8.49534 2.10763
281 17.9584 8.56729 2.09616
282 18.0118 8.63941 2.08484
283 18.0651 8.71169 2.07367
284 18.1185 8.78414 2.06264
285 18.1719 8.85675 2.05175
286 18.2252 8.92952 2.04101
287 18.2786 9.00245 2.0304
288 18.3319 9.07554 2.01993
289 18.3853 9.14878 2.00959
290 18.4387 18.4387 1
291 18.492 18.492 1
292 18.5454 18.5454 1
293 18.5987 18.5987 1
294 18.6521 18.6521 1
295 18.7054 18.7054 1
296 18.7588 18.7588 1
297 18.8122 18.8122 1
298 18.8655 18.8655 1
299 18.9189 18.9189 1
300 18.9722 18.9722 1
301 19.0256 19.0256 1
302 19.079 19.079 1
303 19.1323 19.1323 1
304 19.1857 19.1857 1
305 19.239 19.239 1
306 19.2924 19.2924 1
307 19.3458 19.3458 1
308 19.3991 19.3991 1
309 19.4525 19.4525 1
310 19.5058 19.5058 1
311 19.5592 19.5592 1
312 19.6126 19.6126 1
313 19.6659 19.6659 1
314 19.7193 19.7193 1
315 19.7726 19.7726 1
316 19.826 19.826 1
317 19.8794 19.8794 1
318 19.9327 19.9327 1
319 19.9861 19.9861 1
320 20.0394 20.0394 1
321 20.0928 20.0928 1
322 20.1462 20.1462 1
323 20.1995 20.1995 1
324 20.2529 20.2529 1
325 20.3062 20.3062 1
326 20.3596 20.3596 1
327 20.413 20.413 1
328 20.4663 20.4663 1
329 20.5197 20.5197 1
330 20.573 20.573 1
331 20.6264 20.6264 1
332 20.6797 20.6797 1
333 20.7331 20.7331 1
334 20.7865 20.7865 1
335 20.8398 20.8398 1
336 20.8932 20.8932 1
337 20.9465 20.9465 1
338 20.9999 20.9999 1
339 21.0533 21.0533 1
340 21.1066 21.1066 1
341 21.16 21.16 1
342 21.2133 21.2133 1
343 21.2667 21.2667 1
344 21.3201 21.3201 1
345 21.3734 21.3734 1
346 21.4268 21.4268 1
347 21.4801 21.4801 1
348 21.5335 21.5335 1
349 21.5869 21.5869 1
350 21.6402 21.6402 1
351 21.6936 21.6936 1
352 21.7469 21.7469 1
353 21.8003 21.8003 1
354 21.8537 21.8537 1
355 21.907 21.907 1
356 21.9604 21.9604 1
357 22.0137 22.0137 1
358 22.0671 22.0671 1
359 22.1205 22.1205 1
360 22.1738 22.1738 1
361 22.2272 22.2272 1
362 22.2805 22.2805 1
363 22.3339 22.3339 1
364 22.3872 22.3872 1
365 22.4406 22.4406 1
366 22.494 22.494 1
367 22.5473 22.5473 1
368 22.6007 22.6007 1
369 22.654 22.654 1
370 22.7074 22.7074 1
371 22.7608 22.7608 1
372 22.8141 22.8141 1
373 22.8675 22.8675 1
374 22.9208 22.9208 1
375 22.9742 22.9742 1
376 23.0276 23.0276 1
377 23.0809 23.0809 1
378 23.1343 23.1343 1
379 23.1876 23.1876 1
380 23.241 23.241 1
381 23.2944 23.2944 1
382 23.3477 23.3477 1
383 23.4011 23.4011 1
384 23.4544 23.4544 1
385 23.5078 23.5078 1
386 23.5612 23.5612 1
387 23.6145 23.6145 1
388 23.6679 23.6679 1
389 23.7212 23.7212 1
390 23.7746 23.7746 1
391 23.828 23.828 1
392 23.8813 23.8813 1
393 23.9347 23.9347 1
394 23.988 23.988 1
395 24.0414 24.0414 1
396 24.0948 24.0948 1
397 24.1481 24.1481 1
398 24.2015 24.2015 1
399 24.2548 24.2548 1
400 24.3082 24.3082 1
401 24.3615 24.3615 1
402 24.4149 24.4149 1
403 24.4683 24.4683 1
404 24.5216 24.5216 1
405 24.575 24.575 1
406 24.6283 24.6283 1
407 24.6817 24.6817 1
408 24.7351 24.7351 1
409 24.7884 24.7884 1
410 24.8418 24.8418 1
411 24.8951 24.8951 1
412 24.9485 24.9485 1
413 25.0019 25.0019 1
414 25.0552 25.0552 1
415 25.1086 25.1086 1
416 25.1619 25.1619 1
417 25.2153 25.2153 1
418 25.2687 25.2687 1
419 25.322 25.322 1
420 25.3754 25.3754 1
421 25.4287 25.4287 1
422 25.4821 25.4821 1
423 25.5355 25.5355 1
424 25.5888 25.5888 1
425 25.6422 25.6422 1
426 25.6955 25.6955 1
427 25.7489 25.7489 1
428 25.8023 25.8023 1
429 25.8556 25.8556 1
430 25.909 25.909 1
431 25.9623 25.9623 1
432 26.0157 26.0157 1
433 26.0691 26.0691 1
434 26.1224 26.1224 1
435 26.1758 26.1758 1
436 26.2291 26.2291 1
437 26.2825 26.2825 1
438 26.3358 26.3358 1
439 26.3892 26.3892 1
440 26.4426 26.4426 1
441 26.4959 26.4959 1
442 26.5493 26.5493 1
443 26.6026 26.6026 1
444 26.656 26.656 1
445 26.7094 26.7094 1
446 26.7627 26.7627 1
447 26.8161 26.8161 1
448 26.8694 26.8694 1
449 26.9228 26.9228 1
450 26.9762 26.9762 1
451 27.0295 27.0295 1
452 27.0829 27.0829 1
453 27.1362 27.1362 1
454 27.1896 27.1896 1
455 27.243 27.243 1
456 27.2963 27.2963 1
457 27.3497 27.3497 1
458 27.403 27.403 1
459 27.4564 27.4564 1
460 27.5098 27.5098 1
461 27.5631 27.5631 1
462 27.6165 27.6165 1
463 27.6698 27.6698 1
464 27.7232 27.7232 1
465 27.7766 27.7766 1
466 27.8299 27.8299 1
467 27.8833 27.8833 1
468 27.9366 27.9366 1
469 27.99 27.99 1
470 28.0434 28.0434 1
471 28.0967 28.0967 1
472 28.1501 28.1501 1
473 28.2034 28.2034 1
474 28.2568 28.2568 1
475 28.3101 28.3101 1
476 28.3635 28.3635 1
477 28.4169 28.4169 1
478 28.4702 28.4702 1
479 28.5236 28.5236 1
480 28.5769 28.5769 1
481 28.6303 28.6303 1
482 28.6837 28.6837 1
483 28.737 28.737 1
484 28.7904 28.7904 1
485 28.8437 28.8437 1
486 28.8971 28.8971 1
487 28.9505 28.9505 1
488 29.0038 29.0038 1
489 29.0572 29.0572 1
490 29.1105 29.1105 1
491 29.1639 29.1639 1
492 29.2173 29.2173 1
493 29.2706 29.2706 1
494 29.324 29.324 1
495 29.3773 29.3773 1
496 29.4307 29.4307 1
497 29.4841 29.4841 1
498 29.5374 29.5374 1
499 29.5908 29.5908 1
500 29.6441 29.6441 1
501 29.6441 29.6441 1
502 29.6441 29.6441 1
503 29.6441 29.6441 1
504 29.6441 29.6441 1
505 29.6441 29.6441 1
506 29.6441 29.6441 1
507 29.6441 29.6441 1
508 29.6441 29.6441 1
509 29.6441 29.6441 1
510 29.6441 29.6441 1
511 29.6441 29.6441 1
512 29.6441 29.6441 1
513 29.6441 29.6441 1
514 29.6441 29.6441 1
515 29.6441 29.6441 1
516 29.6441 29.6441 1
517 29.6441 29.6441 1
518 29.6441 29.6441 1
519 29.6441 29.6441 1
520 29.6441 29.6441 1
521 29.6441 29.6441 1
522 29.6441 29.6441 1
523 29.6441 29.6441 1
524 29.6441 29.6441 1
525 29.6441 29.6441 1
526 29.6441 29.6441 1
527 29.6441 29.6441 1
528 29.6441 29.6441 1
529 29.6441 29.6441 1
530 29.6441 29.6441 1
531 29.6441 29.6441 1
532 29.6441 29.6441 1
533 29.6441 29.6441 1
534 29.6441 29.6441 1
535 29.6441 29.6441 1
536 29.6441 29.6441 1
537 29.6441 29.6441 1
538 29.6441 29.6441 1
539 29.6441 29.6441 1
540 29.6441 29.6441 1
541 29.6441 29.6441 1
542 29.6441 29.6441 1
543 29.6441 29.6441 1
544 29.6441 29.6441 1
545 29.6441 29.6441 1
546 29.6441 29.6441 1
547 29.6441 29.6441 1
548 29.6441 29.6441 1
549 29.6441 29.6441 1
550 29.6441 29.6441 1
551 29.6441 29.6441 1
552 29.6441 29.6441 1
553 29.6441 29.6441 1
554 29.6441 29.6441 1
555 29.6441 29.6441 1
556 29.6441 29.6441 1
557 29.6441 29.6441 1
558 29.6441 29.6441 1
559 29.6441 29.6441 1
560 29.6441 29.6441 1
561 29.6441 29.6441 1
562 29.6441 29.6441 1
563 29.6441 29.6441 1
564 29.6441 29.6441 1
565 29.6441 29.6441 1
566 29.6441 29.6441 1
567 29.6441 29.6441 1
568 29.6441 29.6441 1
569 29.6441 29.6441 1
570 29.6441 29.6441 1
571 29.6441 29.6441 1
572 29.6441 29.6441 1
573 29.6441 29.6441 1
574 29.6441 29.6441 1
575 29.6441 29.6441 1
576 29.6441 29.6441 1
577 29.6441 29.6441 1
578 29.6441 29.6441 1
579 29.6441 29.6441 1
580 29.6441 29.6441 1
581 29.6441 29.6441 1
582 29.6441 29.6441 1
583 29.6441 29.6441 1
584 29.6441 29.6441 1
585 29.6441 29.6441 1
586 29.6441 29.6441 1
587 29.6441 29.6441 1
588 29.6441 29.6441 1
589 29.6441 29.6441 1
590 29.6441 29.6441 1
591 29.6441 29.6441 1
592 29.6441 29.6441 1
593 29.6441 29.6441 1
594 29.6441 29.6441 1
595 29.6441 29.6441 1
596 29.6441 29.6441 1
597 29.6441 29.6441 1
598 29.6441 29.6441 1
599 29.6441 29.6441 1
600 29.6441 29.6441 1
601 29.6441 29.6441 1
602 29.6441 29.6441 1
603 29.6441 29.6441 1
604 29.6441 29.6441 1
605 29.6441 29.6441 1
606 29.6441 29.6441 1
607 29.6441 29.6441 1
608 29.6441 29.6441 1
609 29.6441 29.6441 1
610 29.6441 29.6441 1
611 29.6441 29.6441 1
612 29.6441 29.6441 1
613 29.6441 29.6441 1
614 29.6441 29.6441 1
615 29.6441 29.6441 1
616 29.6441 29.6441 1
617 29.6441 29.6441 1
618 29.6441 29.6441 1
619 29.6441 29.6441 1
620 29.6441 29.6441 1
621 29.6441 29.6441 1
622 29.6441 29.6441 1
623 29.6441 29.6441 1
624 29.6441 29.6441 1
625 29.6441 29.6441 1
626 29.6441 29.6441 1
627 29.6441 29.6441 1
628 29.6441 29.6441 1
629 29.6441 29.6441 1
630 29.6441 29.6441 1
631 29.6441 29.6441 1
632 29.6441 29.6441 1
633 29.6441 29.6441 1
634 29.6441 29.6441 1
635 29.6441 29.6441 1
636 29.6441 29.6441 1
637 29.6441 29.6441 1
638 29.6441 29.6441 1
639 29.6441 29.6441 1
640 29.6441 29.6441 1
641 29.6441 29.6441 1
642 29.6441 29.6441 1
643 29.6441 29.6441 1
644 29.6441 29.6441 1
645 29.6441 29.6441 1
646 29.6441 29.6441 1
647 29.6441 29.6441 1
648 29.6441 29.6441 1
649 29.6441 29.6441 1
650 29.6441 29.6441 1
651 29.6441 29.6441 1
652 29.6441 29.6441 1
653 29.6441 29.6441 1
654 29.6441 29.6441 1
655 29.6441 29.6441 1
656 29.6441 29.6441 1
657 29.6441 29.6441 1
658 29.6441 29.6441 1
659 29.6441 29.6441 1
660 29.6441 29.6441 1
661 29.6441 29.6441 1
662 29.6441 29.6441 1
663 29.6441 29.6441 1
664 29.6441 29.6441 1
665 29.6441 29.6441 1
666 29.6441 29.6441 1
667 29.6441 29.6441 1
668 29.6441 29.6441 1
669 29.6441 29.6441 1
670 29.6441 29.6441 1
671 29.6441 29.6441 1
672 29.6441 29.6441 1
673 29.6441 29.6441 1
674 29.6441 29.6441 1
675 29.6441 29.6441 1
676 29.6441 29.6441 1
677 29.6441 29.6441 1
678 29.6441 29.6441 1
679 29.6441 29.6441 1
680 29.6441 29.6441 1
681 29.6441 29.6441 1
682 29.6441 29.6441 1
683 29.6441 29.6441 1
684 29.6441 29.6441 1
685 29.6441 29.6441 1
686 29.6441 29.6441 1
687 29.6441 29.6441 1
688 29.6441 29.6441 1
689 29.6441 29.6441 1
690 29.6441 29.6441 1
691 29.6441 29.6441 1
692 29.6441 29.6441 1
693 29.6441 29.6441 1
694 29.6441 29.6441 1
695 29.6441 29.6441 1
696 29.6441 29.6441 1
697 29.6441 29.6441 1
698 29.6441 29.6441 1
699 29.6441 29.6441 1
700 29.6441 29.6441 1
701 29.6441 29.6441 1
702 29.6441 29.6441 1
703 29.6441 29.6441 1
704 29.6441 29.6441 1
705 29.6441 29.6441 1
706 29.6441 29.6441 1
707 29.6441 29.6441 1
708 29.6441 29.6441 1
709 29.6441 29.6441 1
710 29.6441 29.6441 1
711 29.6441 29.6441 1
712 29.6441 29.6441 1
713 29.6441 29.6441 1
714 29.6441 29.6441 1
715 29.6441 29.6441 1
716 29.6441 29.6441 1
717 29.6441 29.6441 1
718 29.6441 29.6441 1
719 29.6441 29.6441 1
720 29.6441 29.6441 1
721 29.6441 29.6441 1
722 29.6441 29.6441 1
723 29.6441 29.6441 1
724 29.6441 29.6441 1
725 29.6441 29.6441 1
726 29.6441 29.6441 1
727 29.6441 29.6441 1
728 29.6441 29.6441 1
729 29.6441 29.6441 1
730 29.6441 29.6441 1
731 29.6441 29.6441 1
732 29.6441 29.6441 1
733 29.6441 29.6441 1
734 29.6441 29.6441 1
735 29.6441 29.6441 1
736 29.6441 29.6441 1
737 29.6441 29.6441 1
738 29.6441 29.6441 1
739 29.6441 29.6441 1
740 29.6441 29.6441 1
741 29.6441 29.6441 1
742 29.6441 29.6441 1
743 29.6441 29.6441 1
744 29.6441 29.6441 1
745 29.6441 29.6441 1
746 29.6441 29.6441 1
747 29.6441 29.6441 1
748 29.6441 29.6441 1
749 29.6441 29.6441 1
750 29.6441 29.6441 1
751 29.6441 29.6441 1
752 29.6441 29.6441 1
753 29.6441 29.6441 1
754 29.6441 29.6441 1
755 29.6441 29.6441 1
756 29.6441 29.6441 1
757 29.6441 29.6441 1
758 29.6441 29.6441 1
759 29.6441 29.6441 1
760 29.6441 29.6441 1
761 29.6441 29.6441 1
762 29.6441 29.6441 1
763 29.6441 29.6441 1
764 29.6441 29.6441 1
765 29.6441 29.6441 1
766 29.6441 29.6441 1
767 29.6441 29.6441 1
768 29.6441 29.6441 1
769 29.6441 29.6441 1
770 29.6441 29.6441 1
771 29.6441 29.6441 1
772 29.6441 29.6441 1
773 29.6441 29.6441 1
774 29.6441 29.6441 1
775 29.6441 29.6441 1
776 29.6441 29.6441 1
777 29.6441 29.6441 1
778 29.6441 29.6441 1
779 29.6441 29.6441 1
780 29.6441 29.6441 1
781 29.6441 29.6441 1
782 29.6441 29.6441 1
783 29.6441 29.6441 1
784 29.6441 29.6441 1
785 29.6441 29.6441 1
786 29.6441 29.6441 1
787 29.6441 29.6441 1
788 29.6441 29.6441 1
789 29.6441 29.6441 1
790 29.6441 29.6441 1
791 29.6441 29.6441 1
792 29.6441 29.6441 1
793 29.6441 29.6441 1
794 29.6441 29.6441 1
795 29.6441 29.6441 1
796 29.6441 29.6441 1
797 29.6441 29.6441 1
798 29.6441 29.6441 1
799 29.6441 29.6441 1
800 29.6441 29.6441 1
801 29.6441 29.6441 1
802 29.6441 29.6441 1
803 29.6441 29.6441 1
804 29.6441 29.6441 1
805 29.6441 29.6441 1
806 29.6441 29.6441 1
807 29.6441 29.6441 1
808 29.6441 29.6441 1
809 29.6441 29.6441 1
810 29.6441 29.6441 1
811 29.6441 29.6441 1
812 29.6441 29.6441 1
813 29.6441 29.6441 1
814 29.6441 29.6441 1
815 29.6441 29.6441 1
816 29.6441 29.6441 1
817 29.6441 29.6441 1
818 29.6441 29.6441 1
819 29.6441 29.6441 1
820 29.6441 29.6441 1
821 29.6441 29.6441 1
822 29.6441 29.6441 1
823 29.6441 29.6441 1
824 29.6441 29.6441 1
825 29.6441 29.6441 1
826 29.6441 29.6441 1
827 29.6441 29.6441 1
828 29.6441 29.6441 1
829 29.6441 29.6441 1
830 29.6441 29.6441 1
831 29.6441 29.6441 1
832 29.6441 29.6441 1
833 29.6441 29.6441 1
834 29.6441 29.6441 1
835 29.6441 29.6441 1
836 29.6441 29.6441 1
837 29.6441 29.6441 1
838 29.6441 29.6441 1
839 29.6441 29.6441 1
840 29.6441 29.6441 1
841 29.6441 29.6441 1
842 29.6441 29.6441 1
843 29.6441 29.6441 1
844 29.6441 29.6441 1
845 29.6441 29.6441 1
846 29.6441 29.6441 1
847 29.6441 29.6441 1
848 29.6441 29.6441 1
849 29.6441 29.6441 1
850 29.6441 29.6441 1
851 29.6441 29.6441 1
852 29.6441 29.6441 1
853 29.6441 29.6441 1
854 29.6441 29.6441 1
855 29.6441 29.6441 1
856 29.6441 29.6441 1
857 29.6441 29.6441 1
858 29.6441 29.6441 1
859 29.6441 29.6441 1
860 29.6441 29.6441 1
861 29.6441 29.6441 1
862 29.6441 29.6441 1
863 29.6441 29.6441 1
864 29.6441 29.6441 1
865 29.6441 29.6441 1
866 29.6441 29.6441 1
867 29.6441 29.6441 1
868 29.6441 29.6441 1
869 29.6441 29.6441 1
870 29.6441 29.6441 1
871 29.6441 29.6441 1
872 29.6441 29.6441 1
873 29.6441 29.6441 1
874 29.6441 29.6441 1
875 29.6441 29.6441 1
876 29.6441 29.6441 1
877 29.6441 29.6441 1
878 29.6441 29.6441 1
879 29.6441 29.6441 1
880 29.6441 29.6441 1
881 29.6441 29.6441 1
882 29.6441 29.6441 1
883 29.6441 29.6441 1
884 29.6441 29.6441 1
885 29.6441 29.6441 1
886 29.6441 29.6441 1
887 29.6441 29.6441 1
888 29.6441 29.6441 1
889 29.6441 29.6441 1
890 29.6441 29.6441 1
891 29.6441 29.6441 1
892 29.6441 29.6441 1
893 29.6441 29.6441 1
894 29.6441 29.6441 1
895 29.6441 29.6441 1
896 29.6441 29.6441 1
897 29.6441 29.6441 1
898 29.6441 29.6441 1
899 29.6441 29.6441 1
900 29.6441 29.6441 1
901 29.6441 29.6441 1
902 29.6441 29.6441 1
903 29.6441 29.6441 1
904 29.6441 29.6441 1
905 29.6441 29.6441 1
906 29.6441 29.6441 1
907 29.6441 29.6441 1
908 29.6441 29.6441 1
909 29.6441 29.6441 1
910 29.6441 29.6441 1
911 29.6441 29.6441 1
912 29.6441 29.6441 1
913 29.6441 29.6441 1
914 29.6441 29.6441 1
915 29.6441 29.6441 1
916 29.6441 29.6441 1
917 29.6441 29.6441 1
918 29.6441 29.6441 1
919 29.6441 29.6441 1
920 29.6441 29.6441 1
921 29.6441 29.6441 1
922 29.6441 29.6441 1
923 29.6441 29.6441 1
924 29.6441 29.6441 1
925 29.6441 29.6441 1
926 29.6441 29.6441 1
927 29.6441 29.6441 1
928 29.6441 29.6441 1
929 29.6441 29.6441 1
930 29.6441 29.6441 1
931 29.6441 29.6441 1
932 29.6441 29.6441 1
933 29.6441 29.6441 1
934 29.6441 29.6441 1
935 29.6441 29.6441 1
936 29.6441 29.6441 1
937 29.6441 29.6441 1
938 29.6441 29.6441 1
939 29.6441 29.6441 1
