Iter Core_Total(Pa) Full_Total(Pa) Core_Static(Pa) Full_Static(Pa)
0 0 3000 0 3000
1 0 5999.98 0 6000
2 0 8999.94 0 9000
3 0 11999.9 0 12000
4 0 14999.8 0 15000
5 0 17999.6 0 18000
6 0 20999.5 0 21000
7 0 23999.3 0 24000
8 0 26999.1 0 27000
9 0 29998.9 0 30000
10 0 32998.7 0 33000
11 0 35998.4 0 36000
12 0 38998.2 0 39000
13 0 41997.9 0 42000
14 0 44997.6 0 45000
15 0 47997.3 0 48000
16 677.837 50996.9 1176.34 51000
17 6664.19 53996.6 7176.34 54000
18 12653.4 56996.3 13176.3 57000
19 18645 59995.9 19176.3 60000
20 24638.6 62995.5 25176.3 63000
21 30633.9 65995.2 31176.3 66000
22 36630.6 68994.8 37176.3 69000
23 42628.4 71994.4 43176.3 72000
24 48627.2 74994 49176.3 75000
25 54626.8 77993.6 55176.3 78000
26 60626.9 80993.2 61176.3 81000
27 66627.6 83992.8 67176.3 84000
28 72628.6 86992.4 73176.3 87000
29 78629.9 89991.9 79176.3 90000
30 84631.5 92991.5 85176.3 93000
31 90633.1 95991.1 91176.3 96000
32 96634.8 98990.6 97176.3 99000
33 102637 101990 103176 102000
34 108638 104990 109176 105000
35 114640 107989 115176 108000
36 120642 110989 121176 111000
37 126643 113988 127176 114000
38 132645 116988 133176 117000
39 135918 119988 136417 120000
40 135896 122987 136417 123000
41 129868 125987 130417 126000
42 123834 128986 124417 129000
43 117795 131986 118417 132000
44 111866 134985 112417 135000
45 107282 131985 107784 132000
46 103575 128984 104076 129000
47 100041 125984 100542 126000
48 96639.3 122983 97139.5 123000
49 93337.7 119983 93837.9 120000
50 90112.4 116982 90612.4 117000
51 86944.8 113982 87444.8 114000
52 83821.2 110982 84321.2 111000
53 80730.9 107981 81231 108000
54 77665.9 104981 78166.1 105000
55 74620.1 101980 75120.4 102000
56 71588.8 98979.8 72089.3 99000
57 68568.6 95979.3 69069.3 96000
58 65556.7 92978.9 66057.7 93000
59 62551.1 89978.4 63052.4 90000
60 59550.3 86978 60052 87000
61 56553 83977.6 57055.2 84000
62 53558.5 80977.1 54061.2 81000
63 50566 77976.7 51069.2 78000
64 47575.1 74976.3 48078.8 75000
65 44585.2 71975.8 45089.6 72000
66 41596.2 68975.4 42101.3 69000
67 38607.7 65975 39113.6 66000
68 35619.7 62974.5 36126.3 63000
69 32632 59974.1 33139.4 60000
70 29644.5 56973.7 30152.8 57000
71 26657.2 53973.3 27166.3 54000
72 23669.9 50972.9 24179.8 51000
73 20682.6 47972.4 21193.5 48000
74 17695.4 44972 18207.2 45000
75 14708.1 41971.6 15220.8 42000
76 11720.8 38971.2 12234.5 39000
77 8733.4 35970.8 9248.04 36000
78 5745.94 32970.4 6261.56 33000
79 2758.41 29970 3275.02 30000
80 -229.223 26969.6 288.392 27000
81 -3216.95 23969.2 -2698.32 24000
82 -6204.78 20968.8 -5685.13 21000
83 -9192.71 17968.4 -8672.04 18000
84 -12180.7 14968 -11659.1 15000
85 -15168.9 11967.6 -14646.2 12000
86 -18157.2 8967.23 -17633.4 9000
87 -21145.5 5966.85 -20620.7 6000
88 -24134 2966.46 -23608.2 3000
89 -27122.6 -33.9178 -26595.7 0
90 -30111.3 -3034.3 -29583.4 -3000
91 -33100.1 -6034.67 -32571.2 -6000
92 -36089 -9035.05 -35559.1 -9000
93 -34951.4 -12035.4 -34919 -12000
94 -31906.5 -15035.8 -31907.1 -15000
95 -28861.7 -18036.2 -28895.4 -18000
96 -25817.1 -21036.5 -25883.7 -21000
97 -22773 -24036.9 -22872.2 -24000
98 -19729.4 -27037.3 -19860.8 -27000
99 -16686.7 -30037.6 -16849.5 -30000
100 -13644.9 -33038 -13838.3 -33000
101 -10604.1 -36038.3 -10827.2 -36000
102 -7564.6 -39038.7 -7816.26 -39000
103 -4526.34 -42039 -4805.4 -42000
104 -1489.46 -45039.4 -1794.64 -45000
105 1545.97 -47518.5 1216.01 -47478.8
106 4579.91 -44518.8 4226.55 -44478.8
107 1612.32 -41519.2 1236.99 -41478.8
108 2074.22 -38519.5 2114.62 -38478.8
109 -995.692 -35519.9 -875.151 -35478.8
110 -4061.25 -32520.2 -3865.02 -32478.8
111 -7122.15 -29520.6 -6855 -29478.8
112 -10178.1 -26520.9 -9845.09 -26478.8
113 -13228.8 -23521.2 -12835.3 -23478.8
114 -16273.3 -20521.6 -15825.6 -20478.8
115 -17461.3 -17521.9 -17442.8 -17478.8
116 -16961.1 -14522.2 -16932.2 -14478.8
117 -14805.4 -11522.6 -14777.3 -11478.8
118 -16745 -8522.9 -16714.7 -8478.75
119 -15767.3 -5523.22 -15734.9 -5478.75
120 -12760.3 -2523.55 -12725.8 -2478.75
121 -9753.38 476.124 -9716.85 521.247
122 -6746.82 3475.8 -6707.98 3521.25
123 -3838.14 6475.48 -3801.33 6521.25
124 -2403.26 9475.16 -2365.98 9521.25
125 -1075.68 12474.8 -1038.23 12521.2
126 352.945 15474.5 390.452 15521.2
127 2374.92 18474.2 2412.35 18521.2
128 4027.18 21473.9 4064.46 21521.2
129 4882.85 24473.6 4919.92 24521.2
130 5521.91 27473.3 5558.72 27521.2
131 6052.66 29994.4 6089.16 30042.7
132 6475.63 26994.1 6511.79 27042.7
133 6813.08 23993.8 6848.89 24042.7
134 7012.96 20993.5 7048.41 21042.7
135 7224.7 17993.2 7259.8 18042.7
136 7438.7 14992.9 7473.45 15042.7
137 7617.32 12094.3 7651.73 12144.5
138 7732.09 11846.1 7766.17 11896.5
139 7820.58 12041 7854.34 12091.7
140 7951.99 12261.5 7985.45 12312.6
141 8065.77 12448.8 8098.94 12500.2
142 8156.41 12599.4 8189.29 12651.1
143 8257.97 12749.3 8290.59 12801.2
144 8351.13 12880.9 8383.49 12933.1
145 8436.65 12996.7 8468.76 13049.3
146 8523.09 13106.7 8554.96 13159.5
147 8601.09 13202.3 8632.73 13255.4
148 8672.26 13286.2 8703.66 13339.6
149 8734.1 13356.7 8765.26 13410.4
150 8787.44 13415.3 8818.34 13469.3
151 8831.56 13461.7 8862.18 13516
152 8867.17 13497.3 8897.49 13551.8
153 8895.15 13523 8925.15 13577.9
154 8916.41 13540.3 8946.04 13595.4
155 8931.64 13550 8960.87 13605.4
156 8941.6 13553.1 8970.38 13608.8
157 8946.98 13550.4 8975.25 13606.4
158 8948.17 13542.4 8975.88 13598.6
159 8945.94 13530.1 8973.02 13586.6
160 8940.63 13513.9 8967.02 13570.7
161 8932.47 13494 8958.1 13551.1
162 8921.36 13470.1 8946.15 13527.5
163 8907.9 13443.1 8931.78 13500.8
164 8892.33 13413.4 8915.22 13471.3
165 8874.68 13380.8 8896.51 13439.1
166 8854.96 13345.4 8875.67 13404
167 8833.19 13307.1 8852.7 13366
168 8809.74 13266.6 8827.99 13325.8
169 8784.76 13224 8801.71 13283.6
170 8758.11 13179.1 8773.72 13239
171 8729.51 13131.5 8743.74 13191.7
172 8699.57 13082.1 8712.4 13142.7
173 8668.57 13031.4 8680.01 13092.3
174 8636.14 12978.7 8646.17 13040
175 8602.26 12924.1 8610.91 12985.7
176 8567.42 12868.3 8574.72 12930.3
177 8531.79 12811.6 8537.77 12874
178 8494.61 12752.9 8499.33 12815.6
179 8456.42 12692.9 8459.94 12756
180 8417.79 12632.5 8420.17 12696.1
181 8378.19 12571 8379.5 12634.9
182 8337.42 12508.1 8337.75 12572.4
183 8296.42 12445.1 8295.85 12509.8
184 8254.82 12381.4 8253.45 12446.6
185 8212.08 12316.5 8210 12382.1
186 8169.32 12251.7 8166.63 12317.8
187 8126.14 12186.7 8122.95 12253.1
188 8082.1 12120.6 8078.51 12187.5
189 8038.27 12055.2 8034.38 12122.5
190 7994 11989.3 7989.9 12057.2
191 7949.34 11923.2 7945.15 11991.5
192 7905.01 11857.8 7900.81 11926.5
193 7860.03 11791.6 7855.92 11860.8
194 7815.28 11726 7811.35 11795.7
195 7770.77 11661 7767.1 11731.2
196 7725.67 11595.3 7722.33 11665.9
197 7681.26 11530.7 7678.3 11601.9
198 7637.03 11466.5 7634.52 11538.2
199 7593.01 11402.7 7590.97 11474.9
200 7549.44 11339.7 7547.91 11412.4
201 7505.9 11276.8 7504.92 11350
202 7463.1 11215 7462.67 11288.7
203 7420.75 11153.9 7420.9 11228.1
204 7378.76 11093.3 7379.52 11168.1
205 7337.11 11033.3 7338.5 11108.6
206 7295.71 10973.7 7297.74 11049.5
207 7254.92 10915 7257.63 10991.3
208 7214.74 10857.2 7218.16 10934.1
209 7175.12 10800.3 7179.28 10877.7
210 7136.04 10744.1 7140.98 10822.1
211 7097.35 10688.6 7103.08 10767.1
212 7058.86 10633.4 7065.43 10712.5
213 7020.91 10579 7028.33 10658.6
214 6983.36 10525.3 6991.65 10605.4
215 6946.6 10472.6 6955.78 10553.3
216 6910.28 10420.7 6920.37 10501.9
217 6874.75 10369.8 6885.74 10451.6
218 6839.65 10319.6 6851.55 10401.9
219 6805.03 10270.1 6817.81 10352.9
220 6770.98 10221.3 6784.63 10304.7
221 6737.11 10172.8 6751.62 10256.7
222 6704.01 10125.3 6719.33 10209.8
223 6670.98 10077.8 6687.09 10162.9
224 6638.8 10031.5 6655.65 10117.1
225 6606.9 9985.57 6624.45 10071.7
226 6575.92 9940.84 6594.12 10027.5
227 6545.24 9896.45 6564.04 9983.64
228 6515.42 9853.22 6534.77 9940.96
229 6485.87 9810.3 6505.74 9898.58
230 6457.01 9768.32 6477.35 9857.13
231 6428.45 9726.68 6449.23 9816.04
232 6400.42 9685.77 6421.61 9775.67
233 6372.71 9645.29 6394.3 9735.73
234 6345.42 9605.38 6367.38 9696.37
235 6318.48 9565.98 6340.82 9657.5
236 6291.87 9527.05 6314.58 9619.12
237 6265.64 9488.67 6288.71 9581.29
238 6239.7 9450.71 6263.13 9543.87
239 6214.19 9413.4 6237.99 9507.11
240 6188.92 9376.44 6213.07 9470.69
241 6164.13 9340.19 6188.64 9434.99
242 6139.52 9304.23 6164.4 9399.57
243 6115.43 9269.02 6140.65 9364.9
244 6091.51 9234.05 6117.06 9330.48
245 6068.11 9199.82 6093.97 9296.79
246 6044.97 9165.95 6071.11 9263.46
247 6022.3 9132.73 6048.69 9230.77
248 5999.98 9099.94 6026.56 9198.53
249 5978.07 9067.7 6004.79 9166.81
250 5956.55 9035.93 5983.34 9135.58
251 5935.39 9004.59 5962.18 9104.76
252 5914.62 8973.69 5941.32 9074.4
253 5894.18 8943.14 5920.7 9044.37
254 5874.12 8913.02 5900.37 9014.77
255 5854.36 8883.17 5880.23 8985.44
256 5835 8853.75 5860.39 8956.54
257 5815.89 8824.54 5840.69 8927.85
258 5797.23 8795.83 5821.34 8899.66
259 5778.74 8767.22 5802.07 8871.56
260 5760.78 8739.25 5783.23 8844.11
261 5742.88 8711.23 5764.37 8816.61
262 5725.56 8683.98 5746.03 8789.87
263 5708.45 8656.92 5727.82 8763.32
264 5691.81 8630.48 5710.03 8737.39
265 5675.36 8604.24 5692.37 8711.66
266 5659.27 8578.49 5675.04 8686.42
267 5643.32 8552.89 5657.8 8661.34
268 5627.68 8527.71 5640.82 8636.66
269 5612.13 8502.64 5623.92 8612.11
270 5596.86 8477.95 5607.24 8587.93
271 5581.63 8453.3 5590.57 8563.79
272 5566.65 8429 5574.12 8540
273 5551.86 8404.97 5557.82 8516.47
274 5537.21 8381.13 5541.63 8493.15
275 5522.88 8357.76 5525.74 8470.28
276 5508.65 8334.54 5509.92 8447.56
277 5494.72 8311.78 5494.39 8425.3
278 5480.79 8289.07 5478.85 8403.09
279 5467.09 8266.77 5463.58 8381.28
280 5453.24 8244.35 5448.17 8359.36
281 5439.59 8222.35 5433.03 8337.86
282 5425.92 8200.5 5417.94 8316.49
283 5412.29 8178.92 5403.01 8295.4
284 5398.74 8157.71 5388.29 8274.67
285 5385.02 8136.57 5373.57 8254.01
286 5371.39 8115.88 5359.14 8233.81
287 5357.33 8095.01 5344.5 8213.42
288 5343.34 8074.61 5330.16 8193.5
289 5329.02 8054.23 5315.78 8173.6
290 5314.62 8034.19 5301.58 8154.04
291 5300.08 8014.44 5287.53 8134.76
292 5285.24 7994.73 5273.47 8115.53
293 5270.39 7975.48 5259.68 8096.76
294 5255.03 7956 5245.66 8077.75
295 5239.74 7937 5231.96 8059.23
296 5224.22 7918.06 5218.25 8040.77
297 5208.67 7899.39 5204.7 8022.58
298 5193.19 7881.05 5191.36 8004.71
299 5177.51 7862.64 5177.94 7986.77
300 5162.09 7844.66 5164.84 7969.26
301 5146.6 7826.61 5151.68 7951.69
302 5131.4 7808.9 5138.78 7934.44
303 5116.45 7791.39 5126.05 7917.4
304 5101.69 7773.93 5113.4 7900.4
305 5087.4 7756.85 5101.05 7883.78
306 5073.39 7739.81 5088.8 7867.2
307 5059.83 7723.03 5076.77 7850.87
308 5046.66 7706.37 5064.9 7834.66
309 5033.84 7689.74 5053.11 7818.48
310 5021.58 7673.44 5041.61 7802.64
311 5009.71 7657.24 5030.23 7786.88
312 4998.3 7641.23 5019.05 7771.32
313 4987.28 7625.34 5008 7755.88
314 4976.61 7609.54 4997.06 7740.53
315 4966.36 7593.99 4986.32 7725.42
316 4956.4 7578.53 4975.68 7710.41
317 4946.71 7563.18 4965.14 7695.51
318 4937.31 7548.01 4954.75 7680.79
319 4928.11 7532.97 4944.44 7666.2
320 4919.1 7518.1 4934.26 7651.77
321 4910.14 7503.22 4924.07 7637.33
322 4901.29 7488.51 4913.99 7623.07
323 4892.55 7474 4904.03 7609
324 4883.78 7459.55 4894.1 7594.99
325 4875.02 7445.25 4884.26 7581.12
326 4866.23 7431.1 4874.49 7567.4
327 4857.39 7417.08 4864.79 7553.81
328 4848.48 7403.18 4855.14 7540.34
329 4839.54 7389.48 4845.61 7527.06
330 4830.52 7375.91 4836.13 7513.91
331 4821.43 7362.45 4826.71 7500.87
332 4812.35 7349.23 4817.43 7488.06
333 4803.2 7336.11 4808.2 7475.34
334 4794.07 7323.17 4799.06 7462.81
335 4785 7310.43 4790.06 7450.47
336 4775.91 7297.76 4781.08 7438.2
337 4766.92 7285.29 4772.23 7426.12
338 4758.05 7272.97 4763.48 7414.2
339 4749.26 7260.77 4754.81 7402.4
340 4740.63 7248.74 4746.24 7390.76
341 4732.13 7236.81 4737.76 7379.23
342 4723.8 7225.06 4729.4 7367.87
343 4715.61 7213.43 4721.13 7356.64
344 4707.59 7201.97 4712.98 7345.57
345 4699.72 7190.69 4704.97 7334.68
346 4691.95 7179.5 4697.01 7323.88
347 4684.3 7168.5 4689.18 7313.27
348 4676.73 7157.65 4681.46 7302.81
349 4669.16 7146.87 4673.78 7292.41
350 4661.66 7136.28 4666.21 7282.2
351 4654.16 7125.81 4658.72 7272.11
352 4646.62 7115.43 4651.28 7262.1
353 4639.08 7105.22 4643.94 7252.26
354 4631.48 7095.1 4636.65 7242.51
355 4623.83 7085.09 4629.42 7232.87
356 4616.15 7075.23 4622.28 7223.37
357 4608.38 7065.43 4615.17 7213.92
358 4600.57 7055.75 4608.13 7204.6
359 4592.74 7046.2 4601.18 7195.4
360 4584.82 7036.66 4594.22 7186.22
361 4576.92 7027.26 4587.35 7177.17
362 4569.04 7017.98 4580.57 7168.24
363 4561.12 7008.69 4573.77 7159.3
364 4553.31 6999.55 4567.08 7150.52
365 4545.59 6990.51 4560.47 7141.84
366 4537.94 6981.49 4553.88 7133.16
367 4530.49 6972.61 4547.41 7124.64
368 4523.23 6963.82 4541.02 7116.21
369 4516.14 6955.07 4534.66 7107.8
370 4509.33 6946.44 4528.43 7099.54
371 4502.79 6937.89 4522.27 7091.33
372 4496.51 6929.39 4516.18 7083.18
373 4490.57 6921.01 4510.22 7075.15
374 4484.92 6912.68 4504.32 7067.16
375 4479.56 6904.42 4498.5 7059.24
376 4474.54 6896.27 4492.8 7051.43
377 4469.77 6888.15 4487.15 7043.64
378 4465.26 6880.12 4481.59 7035.94
379 4461 6872.2 4476.13 7028.34
380 4456.89 6864.29 4470.7 7020.74
381 4452.93 6856.48 4465.35 7013.24
382 4449.1 6848.78 4460.07 7005.85
383 4445.26 6841.07 4454.78 6998.43
384 4441.47 6833.47 4449.55 6991.13
385 4437.67 6825.97 4444.37 6983.92
386 4433.73 6818.45 4439.14 6976.69
387 4429.73 6811.05 4433.97 6969.57
388 4425.64 6803.74 4428.82 6962.55
389 4421.34 6796.42 4423.62 6955.51
390 4416.93 6789.21 4418.47 6948.58
391 4412.36 6782.08 4413.35 6941.74
392 4407.57 6774.95 4408.17 6934.89
393 4402.65 6767.92 4403.05 6928.14
394 4397.58 6760.97 4397.94 6921.47
395 4392.31 6754.01 4392.8 6914.79
396 4386.93 6747.15 4387.71 6908.22
397 4381.44 6740.36 4382.65 6901.71
398 4375.79 6733.56 4377.56 6895.2
399 4370.11 6726.86 4372.53 6888.78
400 4364.37 6720.23 4367.54 6882.43
401 4358.57 6713.59 4362.53 6876.07
402 4352.81 6707.05 4357.59 6869.81
403 4347.1 6700.58 4352.69 6863.62
404 4341.42 6694.1 4347.78 6857.41
405 4335.87 6687.72 4342.95 6851.3
406 4330.46 6681.4 4338.17 6845.25
407 4325.16 6675.07 4333.38 6839.19
408 4320.09 6668.84 4328.69 6833.22
409 4315.22 6662.68 4324.05 6827.32
410 4310.52 6656.5 4319.42 6821.4
411 4306.06 6650.41 4314.88 6815.57
412 4301.83 6644.4 4310.41 6809.81
413 4297.76 6638.38 4305.95 6804.05
414 4293.9 6632.45 4301.58 6798.37
415 4290.21 6626.59 4297.27 6792.76
416 4286.61 6620.73 4292.98 6787.14
417 4283.12 6614.95 4288.75 6781.6
418 4279.71 6609.23 4284.57 6776.13
419 4276.3 6603.52 4280.39 6770.66
420 4272.89 6597.87 4276.25 6765.25
421 4269.48 6592.28 4272.15 6759.9
422 4265.99 6586.71 4268.04 6754.58
423 4262.43 6581.18 4263.93 6749.28
424 4258.81 6575.71 4259.86 6744.05
425 4255.09 6570.28 4255.78 6738.86
426 4251.25 6564.86 4251.69 6733.67
427 4247.34 6559.51 4247.64 6728.56
428 4243.35 6554.2 4243.6 6723.48
429 4239.22 6548.88 4239.53 6718.4
430 4235.06 6543.64 4235.52 6713.39
431 4230.84 6538.46 4231.53 6708.43
432 4226.54 6533.28 4227.53 6703.48
433 4222.22 6528.16 4223.58 6698.59
434 4217.9 6523.1 4219.67 6693.76
435 4213.54 6518.05 4215.76 6688.94
436 4209.18 6513.05 4211.89 6684.16
437 4204.85 6508.1 4208.05 6679.45
438 4200.54 6503.18 4204.24 6674.75
439 4196.23 6498.26 4200.43 6670.06
440 4192 6493.4 4196.67 6665.44
441 4187.81 6488.58 4192.95 6660.86
442 4183.63 6483.75 4189.22 6656.26
443 4179.53 6478.98 4185.54 6651.73
444 4175.5 6474.27 4181.9 6647.25
445 4171.51 6469.56 4178.28 6642.78
446 4167.56 6464.89 4174.68 6638.35
447 4163.68 6460.28 4171.13 6633.97
448 4159.83 6455.69 4167.61 6629.61
449 4155.98 6451.1 4164.09 6625.27
450 4152.19 6446.58 4160.61 6620.98
451 4148.44 6442.1 4157.17 6616.73
452 4144.69 6437.62 4153.74 6612.48
453 4140.99 6433.2 4150.34 6608.29
454 4137.33 6428.83 4146.98 6604.15
455 4133.7 6424.48 4143.65 6600.03
456 4130.1 6420.16 4140.33 6595.92
457 4126.58 6415.89 4137.05 6591.87
458 4123.1 6411.66 4133.82 6587.85
459 4119.67 6407.43 4130.59 6583.84
460 4116.32 6403.26 4127.4 6579.87
461 4113.05 6399.14 4124.27 6575.95
462 4109.84 6395.04 4121.17 6572.05
463 4106.69 6390.96 4118.08 6568.17
464 4103.62 6386.94 4115.05 6564.34
465 4100.63 6382.95 4112.05 6560.54
466 4097.67 6378.97 4109.06 6556.74
467 4094.78 6375.03 4106.11 6552.98
468 4091.96 6371.14 4103.19 6549.27
469 4089.18 6367.27 4100.3 6545.58
470 4086.42 6363.41 4097.41 6541.9
471 4083.72 6359.6 4094.55 6538.27
472 4081.04 6355.82 4091.72 6534.67
473 4078.37 6352.05 4088.9 6531.07
474 4075.7 6348.32 4086.09 6527.51
475 4073.05 6344.63 4083.31 6523.99
476 4070.39 6340.96 4080.54 6520.5
477 4067.69 6337.28 4077.76 6516.99
478 4064.98 6333.65 4075 6513.53
479 4062.26 6330.07 4072.27 6510.11
480 4059.5 6326.5 4069.54 6506.71
481 4056.71 6322.94 4066.8 6503.32
482 4053.91 6319.43 4064.1 6499.97
483 4051.09 6315.95 4061.41 6496.66
484 4048.25 6312.48 4058.72 6493.35
485 4045.41 6309.03 4056.05 6490.07
486 4042.59 6305.63 4053.4 6486.82
487 4039.79 6302.25 4050.77 6483.61
488 4037.02 6298.87 4048.15 6480.39
489 4034.29 6295.52 4045.55 6477.2
490 4031.64 6292.2 4042.99 6474.05
491 4029.05 6288.9 4040.46 6470.92
492 4026.54 6285.62 4037.95 6467.81
493 4024.11 6282.38 4035.48 6464.75
494 4021.75 6279.16 4033.05 6461.7
495 4019.45 6275.94 4030.64 6458.67
496 4017.2 6272.75 4028.26 6455.67
497 4015.02 6269.61 4025.92 6452.72
498 4012.86 6266.49 4023.61 6449.79
499 4010.69 6263.37 4021.31 6446.88
500 4008.52 6260.28 4019.02 6443.99
501 4006.33 6257.22 4016.76 6441.14
502 4004.1 6254.2 4014.5 6438.32
503 4001.79 6251.17 4012.24 6435.51
504 3999.41 6248.17 4009.98 6432.73
505 3996.97 6245.21 4007.74 6429.98
506 3994.45 6242.27 4005.49 6427.25
507 3991.84 6239.33 4003.24 6424.54
508 3989.13 6236.42 4000.98 6421.84
509 3986.36 6233.54 3998.74 6419.18
510 3983.53 6230.69 3996.51 6416.55
511 3980.62 6227.86 3994.28 6413.93
512 3977.67 6225.04 3992.05 6411.32
513 3974.69 6222.25 3989.85 6408.74
514 3971.7 6219.5 3987.67 6406.19
515 3968.7 6216.77 3985.5 6403.65
516 3965.72 6214.05 3983.35 6401.13
517 3962.8 6211.37 3981.23 6398.63
518 3959.95 6208.72 3979.14 6396.16
519 3957.18 6206.1 3977.08 6393.71
520 3954.51 6203.48 3975.03 6391.26
521 3951.98 6200.91 3973.03 6388.84
522 3949.6 6198.38 3971.07 6386.45
523 3947.37 6195.88 3969.15 6384.07
524 3945.28 6193.38 3967.24 6381.7
525 3943.37 6190.93 3965.38 6379.35
526 3941.64 6188.53 3963.57 6377.03
527 3940.05 6186.16 3961.79 6374.73
528 3938.6 6183.8 3960.03 6372.44
529 3937.31 6181.53 3958.34 6370.2
530 3936.19 6179.37 3956.73 6368.07
531 3935.21 6177.35 3955.21 6366.04
532 3934.35 6175.44 3953.78 6364.12
533 3933.57 6173.63 3952.42 6362.28
534 3932.83 6171.92 3951.12 6360.52
535 3932.09 6170.29 3949.86 6358.82
536 3931.33 6168.71 3948.62 6357.17
537 3930.5 6167.18 3947.4 6355.54
538 3929.58 6165.68 3946.18 6353.93
539 3928.54 6164.19 3944.93 6352.32
540 3927.36 6162.69 3943.66 6350.7
541 3926.04 6161.19 3942.34 6349.07
542 3924.59 6159.69 3941 6347.43
543 3923 6158.18 3939.63 6345.79
544 3921.3 6156.67 3938.24 6344.15
545 3919.47 6155.13 3936.81 6342.49
546 3917.52 6153.56 3935.35 6340.8
547 3915.5 6151.96 3933.86 6339.1
548 3913.42 6150.34 3932.37 6337.41
549 3911.3 6148.69 3930.87 6335.7
550 3909.15 6146.99 3929.35 6333.97
551 3906.98 6145.23 3927.81 6332.2
552 3904.84 6143.43 3926.27 6330.43
553 3902.77 6141.61 3924.77 6328.67
554 3900.79 6139.78 3923.3 6326.93
555 3898.91 6137.93 3921.86 6325.21
556 3897.14 6136.06 3920.46 6323.5
557 3895.5 6134.16 3919.08 6321.8
558 3894 6132.25 3917.74 6320.12
559 3892.66 6130.35 3916.46 6318.48
560 3891.48 6128.47 3915.24 6316.88
561 3890.46 6126.62 3914.07 6315.33
562 3889.6 6124.77 3912.95 6313.82
563 3888.86 6122.94 3911.86 6312.33
564 3888.25 6121.12 3910.81 6310.86
565 3887.73 6119.29 3909.78 6309.4
566 3887.28 6117.44 3908.76 6307.93
567 3886.88 6115.59 3907.75 6306.45
568 3886.51 6113.74 3906.75 6304.97
569 3886.17 6111.9 3905.75 6303.5
570 3885.81 6110.07 3904.75 6302.03
571 3885.41 6108.24 3903.75 6300.55
572 3884.95 6106.43 3902.73 6299.07
573 3884.42 6104.65 3901.71 6297.59
574 3883.79 6102.89 3900.67 6296.13
575 3883.05 6101.17 3899.62 6294.67
576 3882.18 6099.48 3898.54 6293.2
577 3881.16 6097.8 3897.42 6291.73
578 3879.99 6096.17 3896.27 6290.26
579 3878.71 6094.61 3895.12 6288.83
580 3877.32 6093.12 3893.98 6287.45
581 3875.83 6091.71 3892.85 6286.1
582 3874.23 6090.36 3891.71 6284.78
583 3872.55 6089.07 3890.57 6283.49
584 3870.79 6087.86 3889.45 6282.24
585 3868.99 6086.72 3888.34 6281.03
586 3867.13 6085.62 3887.23 6279.85
587 3865.22 6084.54 3886.1 6278.66
588 3863.29 6083.49 3884.98 6277.48
589 3861.36 6082.48 3883.87 6276.33
590 3859.43 6081.49 3882.77 6275.18
591 3857.51 6080.49 3881.65 6274.02
592 3855.6 6079.46 3880.52 6272.84
593 3853.73 6078.43 3879.39 6271.65
594 3851.93 6077.38 3878.27 6270.45
595 3850.19 6076.3 3877.16 6269.24
596 3848.54 6075.2 3876.05 6268.02
597 3846.97 6074.04 3874.94 6266.77
598 3845.49 6072.82 3873.83 6265.48
599 3844.12 6071.56 3872.73 6264.18
600 3842.86 6070.27 3871.65 6262.86
601 3841.72 6068.92 3870.58 6261.53
602 3840.69 6067.52 3869.52 6260.17
603 3839.76 6066.04 3868.45 6258.77
604 3838.93 6064.51 3867.38 6257.34
605 3838.2 6062.92 3866.32 6255.89
606 3837.56 6061.28 3865.26 6254.4
607 3837 6059.62 3864.21 6252.93
608 3836.55 6058 3863.21 6251.51
609 3836.2 6056.42 3862.27 6250.15
610 3835.92 6054.89 3861.38 6248.86
611 3835.68 6053.41 3860.52 6247.61
612 3835.48 6051.96 3859.7 6246.42
613 3835.26 6050.54 3858.91 6245.25
614 3835.02 6049.15 3858.12 6244.1
615 3834.72 6047.76 3857.34 6242.96
616 3834.34 6046.38 3856.54 6241.82
617 3833.86 6044.99 3855.72 6240.67
618 3833.24 6043.59 3854.85 6239.48
619 3832.48 6042.16 3853.93 6238.26
620 3831.58 6040.73 3852.97 6237.03
621 3830.56 6039.31 3851.99 6235.79
622 3829.42 6037.91 3850.99 6234.55
623 3828.16 6036.52 3849.95 6233.3
624 3826.81 6035.17 3848.92 6232.07
625 3825.4 6033.87 3847.89 6230.86
626 3823.94 6032.63 3846.88 6229.69
627 3822.44 6031.44 3845.89 6228.55
628 3820.95 6030.32 3844.93 6227.46
629 3819.47 6029.26 3844.02 6226.41
630 3818 6028.26 3843.13 6225.4
631 3816.56 6027.31 3842.26 6224.42
632 3815.15 6026.4 3841.42 6223.46
633 3813.79 6025.54 3840.6 6222.53
634 3812.48 6024.7 3839.81 6221.63
635 3811.23 6023.89 3839.03 6220.73
636 3810.04 6023.09 3838.26 6219.85
637 3808.91 6022.29 3837.5 6218.96
638 3807.86 6021.5 3836.74 6218.07
639 3806.87 6020.7 3836 6217.18
640 3805.96 6019.9 3835.26 6216.29
641 3805.13 6019.09 3834.53 6215.4
642 3804.37 6018.26 3833.81 6214.5
643 3803.68 6017.41 3833.09 6213.6
644 3803.06 6016.54 3832.39 6212.7
645 3802.51 6015.66 3831.7 6211.8
646 3802.02 6014.76 3831.02 6210.9
647 3801.58 6013.84 3830.35 6210
648 3801.2 6012.92 3829.7 6209.13
649 3800.85 6011.98 3829.07 6208.26
650 3800.52 6011.04 3828.45 6207.41
651 3800.2 6010.08 3827.85 6206.57
652 3799.88 6009.11 3827.25 6205.73
653 3799.55 6008.14 3826.68 6204.92
654 3799.21 6007.18 3826.11 6204.12
655 3798.84 6006.21 3825.56 6203.34
656 3798.42 6005.24 3825.01 6202.58
657 3797.97 6004.28 3824.47 6201.82
658 3797.46 6003.31 3823.92 6201.07
659 3796.89 6002.34 3823.37 6200.32
660 3796.25 6001.36 3822.8 6199.56
661 3795.56 6000.38 3822.22 6198.81
662 3794.81 5999.41 3821.64 6198.05
663 3794.02 5998.45 3821.05 6197.3
664 3793.19 5997.5 3820.46 6196.56
665 3792.33 5996.56 3819.86 6195.81
666 3791.44 5995.64 3819.25 6195.06
667 3790.53 5994.74 3818.65 6194.32
668 3789.62 5993.86 3818.05 6193.59
669 3788.72 5993.03 3817.46 6192.87
670 3787.84 5992.24 3816.88 6192.17
671 3786.99 5991.48 3816.32 6191.48
672 3786.17 5990.78 3815.77 6190.82
673 3785.39 5990.13 3815.25 6190.18
674 3784.67 5989.53 3814.75 6189.57
675 3783.99 5988.97 3814.26 6188.98
676 3783.36 5988.45 3813.79 6188.4
677 3782.79 5987.97 3813.33 6187.85
678 3782.27 5987.53 3812.89 6187.31
679 3781.79 5987.12 3812.45 6186.78
680 3781.36 5986.72 3812.02 6186.25
681 3780.97 5986.35 3811.6 6185.73
682 3780.63 5985.98 3811.19 6185.22
683 3780.32 5985.63 3810.78 6184.71
684 3780.05 5985.28 3810.38 6184.2
685 3779.79 5984.91 3809.97 6183.68
686 3779.56 5984.53 3809.56 6183.15
687 3779.34 5984.14 3809.15 6182.62
688 3779.12 5983.74 3808.74 6182.08
689 3778.91 5983.31 3808.34 6181.54
690 3778.69 5982.85 3807.92 6180.98
691 3778.44 5982.35 3807.5 6180.41
692 3778.17 5981.82 3807.07 6179.83
693 3777.88 5981.26 3806.63 6179.23
694 3777.55 5980.67 3806.19 6178.63
695 3777.18 5980.04 3805.74 6178.02
696 3776.77 5979.37 3805.27 6177.39
697 3776.3 5978.66 3804.79 6176.75
698 3775.78 5977.92 3804.29 6176.09
699 3775.21 5977.15 3803.78 6175.42
700 3774.59 5976.35 3803.26 6174.73
701 3773.92 5975.52 3802.73 6174.05
702 3773.23 5974.7 3802.21 6173.37
703 3772.53 5973.88 3801.7 6172.71
704 3771.81 5973.07 3801.2 6172.06
705 3771.09 5972.27 3800.71 6171.43
706 3770.36 5971.49 3800.23 6170.82
707 3769.63 5970.72 3799.76 6170.21
708 3768.9 5969.96 3799.3 6169.61
709 3768.19 5969.22 3798.84 6169.02
710 3767.49 5968.49 3798.39 6168.43
711 3766.81 5967.78 3797.95 6167.86
712 3766.15 5967.1 3797.52 6167.29
713 3765.53 5966.44 3797.1 6166.73
714 3764.93 5965.79 3796.68 6166.18
715 3764.37 5965.17 3796.27 6165.63
716 3763.84 5964.57 3795.86 6165.08
717 3763.35 5963.99 3795.46 6164.54
718 3762.91 5963.44 3795.06 6164
719 3762.5 5962.91 3794.68 6163.48
720 3762.14 5962.41 3794.31 6162.97
721 3761.82 5961.94 3793.95 6162.47
722 3761.54 5961.49 3793.59 6161.99
723 3761.29 5961.07 3793.25 6161.52
724 3761.07 5960.67 3792.92 6161.06
725 3760.89 5960.29 3792.61 6160.62
726 3760.72 5959.93 3792.3 6160.19
727 3760.56 5959.57 3791.99 6159.77
728 3760.41 5959.22 3791.69 6159.35
729 3760.26 5958.88 3791.39 6158.93
730 3760.09 5958.52 3791.09 6158.51
731 3759.9 5958.15 3790.78 6158.09
732 3759.69 5957.77 3790.47 6157.66
733 3759.44 5957.36 3790.14 6157.21
734 3759.16 5956.94 3789.8 6156.75
735 3758.84 5956.5 3789.46 6156.29
736 3758.5 5956.05 3789.11 6155.83
737 3758.13 5955.6 3788.77 6155.38
738 3757.73 5955.14 3788.43 6154.94
739 3757.32 5954.68 3788.1 6154.51
740 3756.89 5954.21 3787.77 6154.08
741 3756.44 5953.73 3787.44 6153.66
742 3755.98 5953.26 3787.13 6153.25
743 3755.52 5952.78 3786.82 6152.85
744 3755.06 5952.3 3786.52 6152.46
745 3754.61 5951.83 3786.24 6152.08
746 3754.16 5951.35 3785.96 6151.71
747 3753.72 5950.88 3785.69 6151.35
748 3753.3 5950.41 3785.43 6151
749 3752.88 5949.93 3785.17 6150.64
750 3752.48 5949.46 3784.92 6150.29
751 3752.1 5948.98 3784.66 6149.94
752 3751.73 5948.5 3784.41 6149.58
753 3751.38 5948.01 3784.15 6149.22
754 3751.05 5947.54 3783.9 6148.86
755 3750.74 5947.07 3783.66 6148.51
756 3750.46 5946.61 3783.42 6148.16
757 3750.2 5946.16 3783.18 6147.81
758 3749.96 5945.73 3782.94 6147.46
759 3749.75 5945.32 3782.71 6147.12
760 3749.57 5944.93 3782.49 6146.8
761 3749.4 5944.56 3782.28 6146.48
762 3749.26 5944.22 3782.07 6146.17
763 3749.13 5943.9 3781.87 6145.87
764 3749.02 5943.61 3781.67 6145.58
765 3748.92 5943.34 3781.48 6145.31
766 3748.83 5943.1 3781.3 6145.04
767 3748.74 5942.87 3781.11 6144.77
768 3748.65 5942.67 3780.94 6144.52
769 3748.55 5942.49 3780.76 6144.27
770 3748.45 5942.32 3780.59 6144.03
771 3748.34 5942.16 3780.41 6143.79
772 3748.22 5942.01 3780.24 6143.56
773 3748.08 5941.87 3780.06 6143.33
774 3747.92 5941.73 3779.88 6143.1
775 3747.74 5941.59 3779.7 6142.86
776 3747.55 5941.44 3779.51 6142.63
777 3747.33 5941.29 3779.32 6142.39
778 3747.1 5941.13 3779.13 6142.15
779 3746.85 5940.96 3778.93 6141.91
780 3746.59 5940.77 3778.73 6141.67
781 3746.32 5940.56 3778.53 6141.41
782 3746.03 5940.33 3778.32 6141.15
783 3745.73 5940.08 3778.12 6140.89
784 3745.43 5939.82 3777.91 6140.62
785 3745.13 5939.53 3777.7 6140.35
786 3744.82 5939.22 3777.5 6140.07
787 3744.51 5938.9 3777.29 6139.78
788 3744.21 5938.56 3777.08 6139.49
789 3743.91 5938.2 3776.87 6139.2
790 3743.61 5937.83 3776.66 6138.9
791 3743.33 5937.44 3776.46 6138.59
792 3743.06 5937.06 3776.25 6138.29
793 3742.8 5936.67 3776.05 6137.99
794 3742.56 5936.29 3775.86 6137.69
795 3742.34 5935.91 3775.67 6137.41
796 3742.14 5935.55 3775.49 6137.12
797 3741.96 5935.19 3775.31 6136.85
798 3741.8 5934.85 3775.14 6136.59
799 3741.66 5934.53 3774.97 6136.33
800 3741.54 5934.21 3774.81 6136.08
801 3741.42 5933.91 3774.65 6135.83
802 3741.32 5933.62 3774.49 6135.59
803 3741.23 5933.34 3774.33 6135.35
804 3741.15 5933.07 3774.18 6135.11
805 3741.07 5932.82 3774.02 6134.88
806 3741 5932.57 3773.87 6134.65
807 3740.92 5932.33 3773.71 6134.43
808 3740.84 5932.11 3773.56 6134.21
809 3740.75 5931.89 3773.41 6133.99
810 3740.66 5931.68 3773.26 6133.78
811 3740.55 5931.47 3773.11 6133.57
812 3740.44 5931.27 3772.96 6133.37
813 3740.3 5931.06 3772.81 6133.17
814 3740.15 5930.86 3772.66 6132.97
815 3739.98 5930.64 3772.5 6132.76
816 3739.8 5930.43 3772.35 6132.56
817 3739.59 5930.21 3772.2 6132.36
818 3739.38 5929.99 3772.04 6132.16
819 3739.15 5929.77 3771.89 6131.96
820 3738.91 5929.54 3771.73 6131.76
821 3738.65 5929.31 3771.58 6131.56
822 3738.39 5929.09 3771.43 6131.35
823 3738.13 5928.86 3771.28 6131.16
824 3737.88 5928.66 3771.14 6130.97
825 3737.63 5928.46 3771.01 6130.8
826 3737.39 5928.27 3770.88 6130.63
827 3737.16 5928.09 3770.76 6130.46
828 3736.95 5927.92 3770.64 6130.3
829 3736.74 5927.77 3770.53 6130.15
830 3736.55 5927.62 3770.42 6130
831 3736.38 5927.49 3770.31 6129.85
832 3736.22 5927.36 3770.21 6129.7
833 3736.08 5927.24 3770.11 6129.56
834 3735.95 5927.13 3770.01 6129.43
835 3735.85 5927.02 3769.91 6129.29
836 3735.76 5926.92 3769.82 6129.15
837 3735.69 5926.82 3769.73 6129.02
838 3735.64 5926.72 3769.64 6128.89
839 3735.6 5926.62 3769.55 6128.76
840 3735.58 5926.52 3769.46 6128.62
841 3735.57 5926.4 3769.37 6128.49
842 3735.57 5926.28 3769.28 6128.35
843 3735.58 5926.15 3769.2 6128.22
844 3735.6 5926.01 3769.11 6128.08
845 3735.62 5925.86 3769.03 6127.94
846 3735.64 5925.7 3768.95 6127.8
847 3735.66 5925.53 3768.87 6127.66
848 3735.67 5925.34 3768.78 6127.52
849 3735.67 5925.14 3768.7 6127.38
850 3735.67 5924.94 3768.62 6127.23
851 3735.64 5924.73 3768.53 6127.09
852 3735.61 5924.51 3768.44 6126.94
853 3735.55 5924.28 3768.35 6126.8
854 3735.48 5924.06 3768.26 6126.65
855 3735.38 5923.83 3768.17 6126.51
856 3735.27 5923.61 3768.07 6126.37
857 3735.14 5923.4 3767.97 6126.23
858 3735 5923.19 3767.87 6126.1
859 3734.83 5922.99 3767.77 6125.96
860 3734.66 5922.8 3767.67 6125.83
861 3734.47 5922.62 3767.57 6125.71
862 3734.27 5922.45 3767.47 6125.58
863 3734.07 5922.3 3767.37 6125.47
864 3733.86 5922.17 3767.28 6125.35
865 3733.65 5922.05 3767.18 6125.24
866 3733.45 5921.94 3767.09 6125.14
867 3733.25 5921.86 3767 6125.04
868 3733.05 5921.78 3766.92 6124.94
869 3732.86 5921.72 3766.83 6124.85
870 3732.68 5921.68 3766.76 6124.76
871 3732.51 5921.64 3766.68 6124.68
872 3732.36 5921.61 3766.6 6124.59
873 3732.21 5921.58 3766.53 6124.51
874 3732.08 5921.56 3766.46 6124.43
875 3731.97 5921.54 3766.39 6124.35
876 3731.87 5921.51 3766.32 6124.27
877 3731.79 5921.48 3766.26 6124.19
878 3731.72 5921.44 3766.2 6124.11
879 3731.66 5921.39 3766.14 6124.02
880 3731.62 5921.33 3766.08 6123.93
881 3731.6 5921.26 3766.02 6123.84
882 3731.59 5921.18 3765.96 6123.75
883 3731.59 5921.08 3765.91 6123.65
884 3731.59 5920.96 3765.86 6123.55
885 3731.61 5920.84 3765.8 6123.45
886 3731.63 5920.7 3765.75 6123.34
887 3731.65 5920.56 3765.7 6123.23
888 3731.67 5920.4 3765.65 6123.13
889 3731.69 5920.24 3765.59 6123.02
890 3731.7 5920.07 3765.54 6122.9
891 3731.71 5919.9 3765.48 6122.8
892 3731.7 5919.73 3765.42 6122.69
893 3731.69 5919.57 3765.37 6122.58
894 3731.66 5919.41 3765.31 6122.48
895 3731.61 5919.26 3765.25 6122.39
896 3731.56 5919.11 3765.19 6122.29
897 3731.49 5918.97 3765.12 6122.2
898 3731.4 5918.85 3765.06 6122.11
899 3731.31 5918.73 3765 6122.03
900 3731.2 5918.62 3764.93 6121.95
901 3731.08 5918.52 3764.87 6121.86
902 3730.95 5918.43 3764.8 6121.79
903 3730.82 5918.35 3764.74 6121.71
904 3730.69 5918.28 3764.67 6121.64
905 3730.56 5918.23 3764.61 6121.57
906 3730.42 5918.18 3764.56 6121.5
907 3730.3 5918.13 3764.5 6121.44
908 3730.17 5918.09 3764.45 6121.37
909 3730.06 5918.05 3764.39 6121.31
910 3729.95 5918.02 3764.34 6121.25
911 3729.86 5917.98 3764.29 6121.19
912 3729.77 5917.94 3764.25 6121.13
913 3729.69 5917.9 3764.2 6121.07
914 3729.63 5917.85 3764.16 6121
915 3729.58 5917.8 3764.12 6120.94
916 3729.55 5917.74 3764.07 6120.87
917 3729.52 5917.67 3764.04 6120.81
918 3729.51 5917.59 3764 6120.74
919 3729.51 5917.51 3763.96 6120.67
920 3729.52 5917.43 3763.92 6120.6
921 3729.54 5917.34 3763.89 6120.53
922 3729.56 5917.25 3763.85 6120.46
923 3729.59 5917.15 3763.82 6120.39
924 3729.62 5917.06 3763.79 6120.32
925 3729.65 5916.97 3763.75 6120.26
926 3729.68 5916.87 3763.72 6120.19
927 3729.71 5916.79 3763.68 6120.13
928 3729.73 5916.7 3763.65 6120.07
929 3729.74 5916.62 3763.61 6120.01
930 3729.73 5916.54 3763.58 6119.95
931 3729.72 5916.47 3763.54 6119.89
932 3729.7 5916.41 3763.5 6119.84
933 3729.66 5916.35 3763.46 6119.79
934 3729.61 5916.3 3763.42 6119.74
935 3729.54 5916.25 3763.38 6119.69
936 3729.47 5916.21 3763.33 6119.65
937 3729.38 5916.18 3763.29 6119.6
938 3729.29 5916.14 3763.25 6119.56
939 3729.19 5916.11 3763.21 6119.51
940 3729.08 5916.08 3763.17 6119.47
941 3728.97 5916.06 3763.12 6119.43
942 3728.86 5916.03 3763.09 6119.39
943 3728.74 5916 3763.05 6119.35
944 3728.63 5915.97 3763.01 6119.31
945 3728.53 5915.94 3762.97 6119.27
946 3728.42 5915.9 3762.94 6119.23
947 3728.33 5915.86 3762.91 6119.19
948 3728.24 5915.82 3762.88 6119.15
949 3728.16 5915.77 3762.85 6119.11
950 3728.09 5915.72 3762.82 6119.07
951 3728.02 5915.67 3762.79 6119.03
952 3727.97 5915.61 3762.77 6118.99
953 3727.93 5915.55 3762.74 6118.94
954 3727.9 5915.49 3762.72 6118.9
955 3727.89 5915.43 3762.7 6118.86
956 3727.88 5915.36 3762.68 6118.82
957 3727.88 5915.3 3762.67 6118.78
958 3727.89 5915.24 3762.65 6118.73
959 3727.91 5915.18 3762.63 6118.69
960 3727.94 5915.13 3762.62 6118.66
961 3727.97 5915.07 3762.6 6118.62
962 3728.01 5915.02 3762.59 6118.58
963 3728.05 5914.97 3762.58 6118.54
964 3728.09 5914.93 3762.56 6118.51
965 3728.13 5914.89 3762.55 6118.47
966 3728.17 5914.86 3762.54 6118.44
967 3728.21 5914.83 3762.52 6118.41
968 3728.24 5914.8 3762.51 6118.38
969 3728.26 5914.78 3762.5 6118.35
970 3728.28 5914.76 3762.48 6118.32
971 3728.29 5914.75 3762.46 6118.29
972 3728.29 5914.73 3762.45 6118.26
973 3728.27 5914.72 3762.43 6118.23
974 3728.25 5914.71 3762.4 6118.21
975 3728.23 5914.7 3762.38 6118.18
976 3728.19 5914.69 3762.36 6118.15
977 3728.14 5914.68 3762.33 6118.13
978 3728.09 5914.67 3762.31 6118.1
979 3728.03 5914.65 3762.28 6118.08
980 3727.96 5914.63 3762.26 6118.05
981 3727.89 5914.61 3762.23 6118.02
982 3727.81 5914.59 3762.2 6117.99
983 3727.74 5914.56 3762.18 6117.96
984 3727.66 5914.52 3762.15 6117.93
985 3727.59 5914.49 3762.13 6117.9
986 3727.51 5914.45 3762.1 6117.87
987 3727.44 5914.4 3762.08 6117.84
988 3727.37 5914.36 3762.06 6117.81
989 3727.3 5914.31 3762.04 6117.78
990 3727.24 5914.26 3762.02 6117.75
991 3727.19 5914.21 3762 6117.72
992 3727.14 5914.16 3761.98 6117.69
993 3727.1 5914.12 3761.96 6117.66
994 3727.07 5914.07 3761.95 6117.63
995 3727.04 5914.02 3761.93 6117.6
996 3727.02 5913.98 3761.92 6117.57
997 3727.01 5913.93 3761.91 6117.54
998 3727 5913.9 3761.9 6117.51
999 3727 5913.86 3761.89 6117.49
1000 3727.01 5913.82 3761.88 6117.46
1001 3727.03 5913.79 3761.87 6117.43
1002 3727.05 5913.77 3761.86 6117.41
1003 3727.07 5913.74 3761.85 6117.39
1004 3727.1 5913.72 3761.84 6117.36
1005 3727.13 5913.7 3761.84 6117.34
1006 3727.16 5913.69 3761.83 6117.32
1007 3727.19 5913.68 3761.82 6117.3
1008 3727.22 5913.66 3761.82 6117.28
1009 3727.25 5913.66 3761.81 6117.26
1010 3727.28 5913.65 3761.8 6117.24
1011 3727.3 5913.64 3761.79 6117.22
1012 3727.32 5913.63 3761.78 6117.2
1013 3727.33 5913.62 3761.77 6117.19
1014 3727.34 5913.61 3761.76 6117.17
1015 3727.34 5913.6 3761.75 6117.15
1016 3727.33 5913.59 3761.74 6117.13
1017 3727.32 5913.57 3761.73 6117.11
1018 3727.3 5913.55 3761.71 6117.09
1019 3727.27 5913.53 3761.7 6117.07
1020 3727.24 5913.51 3761.69 6117.05
1021 3727.21 5913.48 3761.67 6117.03
1022 3727.17 5913.45 3761.65 6117.01
1023 3727.12 5913.42 3761.64 6116.99
1024 3727.08 5913.39 3761.62 6116.97
1025 3727.03 5913.36 3761.61 6116.95
1026 3726.98 5913.32 3761.59 6116.93
1027 3726.93 5913.29 3761.57 6116.91
1028 3726.88 5913.25 3761.56 6116.88
1029 3726.83 5913.22 3761.55 6116.86
1030 3726.78 5913.19 3761.53 6116.84
1031 3726.74 5913.16 3761.52 6116.82
1032 3726.69 5913.13 3761.51 6116.8
1033 3726.65 5913.1 3761.49 6116.78
1034 3726.62 5913.07 3761.48 6116.77
1035 3726.58 5913.05 3761.47 6116.75
1036 3726.56 5913.03 3761.46 6116.73
1037 3726.53 5913.02 3761.45 6116.71
1038 3726.51 5913 3761.45 6116.7
1039 3726.5 5912.99 3761.44 6116.68
1040 3726.49 5912.98 3761.43 6116.67
1041 3726.49 5912.98 3761.43 6116.65
1042 3726.49 5912.97 3761.42 6116.64
1043 3726.49 5912.97 3761.41 6116.62
1044 3726.5 5912.97 3761.41 6116.61
1045 3726.51 5912.98 3761.41 6116.6
1046 3726.53 5912.98 3761.4 6116.59
1047 3726.54 5912.98 3761.4 6116.58
1048 3726.56 5912.98 3761.39 6116.56
1049 3726.58 5912.99 3761.39 6116.55
1050 3726.61 5912.99 3761.39 6116.54
1051 3726.63 5912.99 3761.39 6116.53
1052 3726.65 5912.98 3761.38 6116.52
1053 3726.67 5912.98 3761.38 6116.5
1054 3726.69 5912.97 3761.38 6116.49
1055 3726.71 5912.95 3761.37 6116.48
1056 3726.72 5912.94 3761.37 6116.46
1057 3726.73 5912.92 3761.36 6116.45
1058 3726.73 5912.89 3761.36 6116.44
1059 3726.74 5912.87 3761.35 6116.42
1060 3726.74 5912.84 3761.34 6116.4
1061 3726.73 5912.81 3761.34 6116.39
1062 3726.72 5912.77 3761.33 6116.37
1063 3726.71 5912.74 3761.32 6116.36
1064 3726.69 5912.7 3761.31 6116.34
1065 3726.67 5912.66 3761.3 6116.32
1066 3726.65 5912.63 3761.3 6116.31
1067 3726.63 5912.59 3761.29 6116.29
1068 3726.6 5912.55 3761.28 6116.27
1069 3726.57 5912.52 3761.27 6116.26
1070 3726.54 5912.48 3761.26 6116.24
1071 3726.51 5912.45 3761.25 6116.23
1072 3726.48 5912.42 3761.24 6116.22
1073 3726.46 5912.39 3761.23 6116.2
1074 3726.43 5912.37 3761.23 6116.19
1075 3726.4 5912.34 3761.22 6116.18
1076 3726.37 5912.33 3761.21 6116.17
1077 3726.35 5912.31 3761.2 6116.16
1078 3726.33 5912.3 3761.2 6116.14
1079 3726.31 5912.29 3761.19 6116.14
1080 3726.29 5912.28 3761.19 6116.13
1081 3726.27 5912.28 3761.18 6116.12
1082 3726.26 5912.28 3761.17 6116.11
1083 3726.25 5912.29 3761.17 6116.1
1084 3726.24 5912.29 3761.17 6116.1
1085 3726.24 5912.3 3761.16 6116.09
1086 3726.24 5912.31 3761.16 6116.08
1087 3726.24 5912.32 3761.16 6116.08
1088 3726.24 5912.34 3761.15 6116.07
1089 3726.24 5912.35 3761.15 6116.07
1090 3726.25 5912.36 3761.15 6116.06
1091 3726.26 5912.37 3761.15 6116.06
1092 3726.27 5912.38 3761.14 6116.05
1093 3726.28 5912.39 3761.14 6116.05
1094 3726.29 5912.4 3761.14 6116.04
1095 3726.31 5912.4 3761.14 6116.03
1096 3726.32 5912.4 3761.14 6116.03
1097 3726.33 5912.4 3761.14 6116.02
1098 3726.34 5912.39 3761.13 6116.01
1099 3726.35 5912.39 3761.13 6116
1100 3726.36 5912.37 3761.13 6116
1101 3726.37 5912.36 3761.13 6115.99
1102 3726.37 5912.34 3761.12 6115.98
1103 3726.37 5912.32 3761.12 6115.97
1104 3726.37 5912.3 3761.12 6115.95
1105 3726.37 5912.28 3761.11 6115.94
1106 3726.37 5912.26 3761.11 6115.93
1107 3726.36 5912.23 3761.11 6115.92
1108 3726.35 5912.21 3761.1 6115.91
1109 3726.34 5912.18 3761.1 6115.9
1110 3726.33 5912.16 3761.09 6115.89
1111 3726.32 5912.13 3761.09 6115.88
1112 3726.31 5912.11 3761.08 6115.87
1113 3726.29 5912.09 3761.08 6115.86
1114 3726.28 5912.07 3761.07 6115.85
1115 3726.26 5912.05 3761.07 6115.84
1116 3726.24 5912.03 3761.06 6115.83
1117 3726.23 5912.02 3761.06 6115.82
1118 3726.21 5912 3761.05 6115.82
1119 3726.2 5911.99 3761.05 6115.81
1120 3726.18 5911.98 3761.05 6115.8
1121 3726.17 5911.98 3761.04 6115.8
1122 3726.15 5911.97 3761.04 6115.79
1123 3726.14 5911.97 3761.04 6115.78
1124 3726.13 5911.97 3761.03 6115.78
1125 3726.12 5911.98 3761.03 6115.77
1126 3726.11 5911.98 3761.03 6115.77
1127 3726.11 5911.99 3761.02 6115.77
1128 3726.1 5911.99 3761.02 6115.76
1129 3726.1 5912 3761.02 6115.76
1130 3726.09 5912.01 3761.02 6115.75
1131 3726.09 5912.01 3761.02 6115.75
1132 3726.09 5912.02 3761.01 6115.75
1133 3726.1 5912.02 3761.01 6115.74
1134 3726.1 5912.03 3761.01 6115.74
1135 3726.1 5912.03 3761.01 6115.74
1136 3726.11 5912.03 3761.01 6115.73
1137 3726.11 5912.03 3761.01 6115.73
1138 3726.12 5912.03 3761.01 6115.72
1139 3726.13 5912.02 3761.01 6115.72
1140 3726.13 5912.02 3761.01 6115.71
1141 3726.14 5912.01 3761.01 6115.71
1142 3726.14 5911.99 3761.01 6115.7
1143 3726.15 5911.98 3761 6115.69
1144 3726.15 5911.97 3761 6115.69
1145 3726.16 5911.95 3761 6115.68
1146 3726.16 5911.93 3761 6115.67
1147 3726.16 5911.91 3761 6115.67
1148 3726.16 5911.89 3761 6115.66
1149 3726.16 5911.87 3761 6115.65
1150 3726.16 5911.85 3760.99 6115.64
1151 3726.16 5911.84 3760.99 6115.64
1152 3726.16 5911.82 3760.99 6115.63
1153 3726.15 5911.8 3760.99 6115.62
1154 3726.15 5911.78 3760.99 6115.62
1155 3726.14 5911.77 3760.98 6115.61
1156 3726.14 5911.75 3760.98 6115.61
1157 3726.13 5911.74 3760.98 6115.6
1158 3726.12 5911.73 3760.98 6115.59
1159 3726.12 5911.72 3760.97 6115.59
1160 3726.11 5911.72 3760.97 6115.59
1161 3726.1 5911.71 3760.97 6115.58
1162 3726.09 5911.71 3760.97 6115.58
1163 3726.08 5911.71 3760.96 6115.57
1164 3726.08 5911.71 3760.96 6115.57
1165 3726.07 5911.72 3760.96 6115.57
1166 3726.06 5911.72 3760.96 6115.57
1167 3726.06 5911.73 3760.96 6115.56
1168 3726.05 5911.74 3760.96 6115.56
1169 3726.04 5911.75 3760.95 6115.56
1170 3726.04 5911.76 3760.95 6115.56
1171 3726.03 5911.77 3760.95 6115.56
1172 3726.03 5911.78 3760.95 6115.56
1173 3726.03 5911.79 3760.95 6115.56
1174 3726.02 5911.8 3760.95 6115.56
1175 3726.02 5911.8 3760.95 6115.55
1176 3726.02 5911.81 3760.94 6115.55
1177 3726.02 5911.81 3760.94 6115.55
1178 3726.02 5911.82 3760.94 6115.55
1179 3726.02 5911.82 3760.94 6115.55
1180 3726.03 5911.82 3760.94 6115.54
1181 3726.03 5911.81 3760.94 6115.54
1182 3726.03 5911.81 3760.94 6115.54
1183 3726.03 5911.8 3760.94 6115.53
1184 3726.04 5911.79 3760.94 6115.53
1185 3726.04 5911.78 3760.94 6115.52
1186 3726.05 5911.77 3760.94 6115.52
1187 3726.05 5911.75 3760.94 6115.51
1188 3726.06 5911.74 3760.94 6115.51
1189 3726.06 5911.72 3760.94 6115.5
1190 3726.06 5911.71 3760.94 6115.5
1191 3726.07 5911.69 3760.94 6115.49
1192 3726.07 5911.67 3760.94 6115.49
1193 3726.07 5911.66 3760.94 6115.48
1194 3726.08 5911.64 3760.94 6115.48
1195 3726.08 5911.63 3760.93 6115.47
1196 3726.08 5911.61 3760.93 6115.47
1197 3726.08 5911.6 3760.93 6115.46
1198 3726.08 5911.59 3760.93 6115.46
1199 3726.07 5911.58 3760.93 6115.46
1200 3726.07 5911.57 3760.93 6115.45
1201 3726.07 5911.56 3760.93 6115.45
1202 3726.07 5911.56 3760.93 6115.45
1203 3726.06 5911.55 3760.93 6115.44
1204 3726.06 5911.55 3760.92 6115.44
1205 3726.05 5911.55 3760.92 6115.44
1206 3726.04 5911.56 3760.92 6115.44
1207 3726.04 5911.56 3760.92 6115.44
1208 3726.03 5911.56 3760.92 6115.44
1209 3726.02 5911.57 3760.92 6115.43
1210 3726.01 5911.58 3760.91 6115.43
1211 3726.01 5911.59 3760.91 6115.43
1212 3726 5911.6 3760.91 6115.43
1213 3725.99 5911.61 3760.91 6115.43
1214 3725.99 5911.62 3760.91 6115.43
1215 3725.98 5911.62 3760.91 6115.43
1216 3725.97 5911.63 3760.91 6115.43
1217 3725.97 5911.64 3760.91 6115.43
1218 3725.96 5911.65 3760.9 6115.43
1219 3725.96 5911.65 3760.9 6115.43
1220 3725.95 5911.66 3760.9 6115.43
1221 3725.95 5911.66 3760.9 6115.43
1222 3725.95 5911.66 3760.9 6115.43
1223 3725.95 5911.66 3760.9 6115.43
1224 3725.95 5911.66 3760.9 6115.42
1225 3725.95 5911.66 3760.9 6115.42
1226 3725.95 5911.65 3760.9 6115.42
1227 3725.95 5911.64 3760.9 6115.42
1228 3725.95 5911.63 3760.9 6115.41
1229 3725.96 5911.62 3760.9 6115.41
1230 3725.96 5911.61 3760.9 6115.41
1231 3725.97 5911.6 3760.9 6115.4
1232 3725.97 5911.59 3760.9 6115.4
1233 3725.98 5911.57 3760.9 6115.4
1234 3725.98 5911.56 3760.9 6115.39
1235 3725.99 5911.55 3760.91 6115.39
1236 3725.99 5911.54 3760.91 6115.38
1237 3726 5911.52 3760.91 6115.38
1238 3726.01 5911.51 3760.91 6115.38
1239 3726.01 5911.5 3760.91 6115.38
1240 3726.02 5911.49 3760.91 6115.37
1241 3726.02 5911.48 3760.91 6115.37
1242 3726.02 5911.48 3760.91 6115.37
1243 3726.02 5911.47 3760.91 6115.37
1244 3726.03 5911.47 3760.91 6115.36
1245 3726.03 5911.46 3760.91 6115.36
1246 3726.03 5911.46 3760.91 6115.36
1247 3726.02 5911.46 3760.9 6115.36
1248 3726.02 5911.46 3760.9 6115.36
1249 3726.02 5911.47 3760.9 6115.36
1250 3726.02 5911.47 3760.9 6115.36
1251 3726.01 5911.47 3760.9 6115.36
1252 3726.01 5911.48 3760.9 6115.36
1253 3726 5911.49 3760.9 6115.36
1254 3726 5911.49 3760.9 6115.36
1255 3725.99 5911.5 3760.9 6115.36
1256 3725.98 5911.51 3760.9 6115.36
1257 3725.98 5911.52 3760.89 6115.36
1258 3725.97 5911.53 3760.89 6115.36
1259 3725.97 5911.53 3760.89 6115.36
1260 3725.96 5911.54 3760.89 6115.36
1261 3725.95 5911.55 3760.89 6115.36
1262 3725.95 5911.55 3760.89 6115.36
1263 3725.95 5911.56 3760.89 6115.36
1264 3725.94 5911.56 3760.89 6115.36
1265 3725.94 5911.56 3760.89 6115.36
1266 3725.94 5911.56 3760.89 6115.36
1267 3725.94 5911.56 3760.89 6115.36
1268 3725.93 5911.56 3760.89 6115.35
1269 3725.93 5911.55 3760.89 6115.35
1270 3725.93 5911.55 3760.89 6115.35
1271 3725.94 5911.54 3760.89 6115.35
1272 3725.94 5911.54 3760.89 6115.35
1273 3725.94 5911.53 3760.89 6115.34
1274 3725.94 5911.52 3760.89 6115.34
1275 3725.95 5911.51 3760.89 6115.34
1276 3725.95 5911.5 3760.89 6115.34
1277 3725.96 5911.49 3760.89 6115.33
1278 3725.96 5911.48 3760.89 6115.33
1279 3725.97 5911.47 3760.89 6115.33
1280 3725.97 5911.47 3760.89 6115.33
1281 3725.98 5911.46 3760.89 6115.33
1282 3725.98 5911.45 3760.89 6115.32
1283 3725.99 5911.44 3760.89 6115.32
1284 3725.99 5911.44 3760.89 6115.32
1285 3726 5911.43 3760.89 6115.32
1286 3726 5911.43 3760.9 6115.32
1287 3726 5911.42 3760.9 6115.32
1288 3726.01 5911.42 3760.89 6115.31
1289 3726.01 5911.42 3760.89 6115.31
1290 3726.01 5911.42 3760.89 6115.31
1291 3726.01 5911.42 3760.89 6115.31
1292 3726.01 5911.42 3760.89 6115.31
1293 3726.01 5911.42 3760.89 6115.31
1294 3726.01 5911.42 3760.89 6115.31
1295 3726 5911.43 3760.89 6115.31
1296 3726 5911.43 3760.89 6115.31
1297 3726 5911.43 3760.89 6115.31
1298 3725.99 5911.44 3760.89 6115.31
1299 3725.99 5911.45 3760.89 6115.31
1300 3725.98 5911.45 3760.89 6115.31
1301 3725.98 5911.46 3760.89 6115.31
1302 3725.97 5911.46 3760.89 6115.31
1303 3725.97 5911.47 3760.88 6115.31
1304 3725.96 5911.47 3760.88 6115.31
1305 3725.96 5911.47 3760.88 6115.31
1306 3725.95 5911.48 3760.88 6115.31
1307 3725.95 5911.48 3760.88 6115.31
1308 3725.95 5911.48 3760.88 6115.31
1309 3725.94 5911.48 3760.88 6115.31
1310 3725.94 5911.48 3760.88 6115.31
1311 3725.94 5911.48 3760.88 6115.31
1312 3725.93 5911.48 3760.88 6115.31
1313 3725.93 5911.48 3760.88 6115.31
1314 3725.93 5911.48 3760.88 6115.31
1315 3725.93 5911.47 3760.88 6115.31
1316 3725.93 5911.47 3760.88 6115.31
1317 3725.93 5911.47 3760.88 6115.31
1318 3725.93 5911.46 3760.88 6115.3
1319 3725.93 5911.46 3760.88 6115.3
1320 3725.93 5911.45 3760.88 6115.3
1321 3725.93 5911.44 3760.88 6115.3
1322 3725.94 5911.44 3760.88 6115.3
1323 3725.94 5911.43 3760.88 6115.3
1324 3725.94 5911.43 3760.88 6115.3
1325 3725.95 5911.42 3760.88 6115.3
1326 3725.95 5911.42 3760.88 6115.29
1327 3725.95 5911.41 3760.88 6115.29
1328 3725.96 5911.41 3760.88 6115.29
1329 3725.96 5911.41 3760.89 6115.29
1330 3725.96 5911.4 3760.89 6115.29
1331 3725.97 5911.4 3760.89 6115.29
1332 3725.97 5911.4 3760.89 6115.29
1333 3725.97 5911.4 3760.89 6115.29
1334 3725.97 5911.4 3760.89 6115.29
1335 3725.98 5911.4 3760.89 6115.29
1336 3725.98 5911.4 3760.89 6115.29
1337 3725.98 5911.4 3760.89 6115.29
1338 3725.98 5911.4 3760.89 6115.29
1339 3725.98 5911.4 3760.89 6115.29
1340 3725.98 5911.41 3760.89 6115.29
1341 3725.98 5911.41 3760.89 6115.29
1342 3725.98 5911.41 3760.89 6115.29
1343 3725.98 5911.41 3760.89 6115.29
1344 3725.98 5911.42 3760.89 6115.29
1345 3725.98 5911.42 3760.89 6115.29
1346 3725.97 5911.42 3760.88 6115.29
1347 3725.97 5911.43 3760.88 6115.29
1348 3725.97 5911.43 3760.88 6115.29
1349 3725.97 5911.43 3760.88 6115.29
1350 3725.97 5911.43 3760.88 6115.29
1351 3725.96 5911.43 3760.88 6115.29
1352 3725.96 5911.44 3760.88 6115.29
1353 3725.96 5911.44 3760.88 6115.29
1354 3725.96 5911.44 3760.88 6115.29
1355 3725.95 5911.44 3760.88 6115.29
1356 3725.95 5911.44 3760.88 6115.29
1357 3725.95 5911.44 3760.88 6115.29
1358 3725.95 5911.44 3760.88 6115.29
1359 3725.95 5911.43 3760.88 6115.29
1360 3725.95 5911.43 3760.88 6115.29
1361 3725.94 5911.43 3760.88 6115.29
1362 3725.94 5911.43 3760.88 6115.29
1363 3725.94 5911.42 3760.88 6115.28
1364 3725.94 5911.42 3760.88 6115.28
1365 3725.94 5911.42 3760.88 6115.28
1366 3725.94 5911.42 3760.88 6115.28
1367 3725.94 5911.41 3760.88 6115.28
1368 3725.94 5911.41 3760.88 6115.28
1369 3725.94 5911.41 3760.88 6115.28
1370 3725.94 5911.4 3760.88 6115.28
1371 3725.94 5911.4 3760.88 6115.28
1372 3725.94 5911.4 3760.88 6115.28
1373 3725.94 5911.4 3760.88 6115.28
1374 3725.95 5911.4 3760.88 6115.28
1375 3725.95 5911.4 3760.88 6115.28
1376 3725.95 5911.39 3760.88 6115.28
1377 3725.95 5911.39 3760.88 6115.28
1378 3725.95 5911.39 3760.88 6115.28
1379 3725.95 5911.39 3760.88 6115.28
1380 3725.95 5911.39 3760.88 6115.28
1381 3725.96 5911.39 3760.88 6115.28
1382 3725.96 5911.39 3760.88 6115.28
1383 3725.96 5911.39 3760.88 6115.28
1384 3725.96 5911.4 3760.88 6115.28
1385 3725.96 5911.4 3760.88 6115.28
1386 3725.96 5911.4 3760.88 6115.28
1387 3725.96 5911.4 3760.88 6115.28
1388 3725.96 5911.4 3760.88 6115.28
1389 3725.96 5911.4 3760.88 6115.28
1390 3725.96 5911.41 3760.88 6115.28
1391 3725.96 5911.41 3760.88 6115.28
1392 3725.96 5911.41 3760.88 6115.28
1393 3725.96 5911.41 3760.88 6115.28
1394 3725.96 5911.41 3760.88 6115.28
1395 3725.96 5911.41 3760.88 6115.28
1396 3725.96 5911.41 3760.88 6115.28
1397 3725.96 5911.41 3760.88 6115.28
1398 3725.96 5911.41 3760.88 6115.28
1399 3725.96 5911.42 3760.88 6115.28
1400 3725.96 5911.42 3760.88 6115.28
1401 3725.96 5911.41 3760.88 6115.28
1402 3725.96 5911.41 3760.88 6115.28
1403 3725.96 5911.41 3760.88 6115.28
1404 3725.96 5911.41 3760.88 6115.28
1405 3725.96 5911.41 3760.88 6115.28
1406 3725.95 5911.41 3760.88 6115.28
1407 3725.95 5911.41 3760.88 6115.27
1408 3725.95 5911.41 3760.88 6115.27
1409 3725.95 5911.4 3760.88 6115.27
1410 3725.95 5911.4 3760.88 6115.27
1411 3725.95 5911.4 3760.88 6115.27
1412 3725.95 5911.4 3760.88 6115.27
1413 3725.95 5911.4 3760.88 6115.27
1414 3725.95 5911.39 3760.88 6115.27
1415 3725.95 5911.39 3760.88 6115.27
1416 3725.95 5911.39 3760.88 6115.27
1417 3725.95 5911.39 3760.88 6115.27
1418 3725.95 5911.39 3760.88 6115.27
1419 3725.95 5911.39 3760.88 6115.27
1420 3725.95 5911.39 3760.88 6115.27
1421 3725.95 5911.38 3760.88 6115.27
1422 3725.95 5911.38 3760.88 6115.27
1423 3725.95 5911.38 3760.88 6115.27
1424 3725.95 5911.38 3760.88 6115.27
1425 3725.95 5911.38 3760.88 6115.27
1426 3725.95 5911.38 3760.88 6115.27
1427 3725.95 5911.38 3760.88 6115.27
1428 3725.95 5911.38 3760.88 6115.27
1429 3725.95 5911.39 3760.88 6115.27
1430 3725.95 5911.39 3760.88 6115.27
1431 3725.96 5911.39 3760.88 6115.27
1432 3725.96 5911.39 3760.88 6115.27
1433 3725.96 5911.39 3760.88 6115.27
1434 3725.96 5911.39 3760.88 6115.27
1435 3725.96 5911.39 3760.88 6115.27
1436 3725.96 5911.39 3760.88 6115.27
1437 3725.96 5911.4 3760.88 6115.27
1438 3725.96 5911.4 3760.88 6115.27
1439 3725.96 5911.4 3760.88 6115.27
1440 3725.96 5911.4 3760.88 6115.27
1441 3725.96 5911.4 3760.88 6115.27
1442 3725.96 5911.4 3760.88 6115.27
1443 3725.96 5911.4 3760.88 6115.27
1444 3725.96 5911.4 3760.88 6115.27
1445 3725.96 5911.4 3760.88 6115.27
1446 3725.96 5911.41 3760.88 6115.27
1447 3725.96 5911.41 3760.88 6115.27
1448 3725.96 5911.41 3760.88 6115.27
1449 3725.96 5911.41 3760.88 6115.27
1450 3725.96 5911.4 3760.88 6115.27
1451 3725.96 5911.4 3760.88 6115.27
1452 3725.96 5911.4 3760.88 6115.27
1453 3725.96 5911.4 3760.88 6115.27
1454 3725.96 5911.4 3760.88 6115.27
1455 3725.96 5911.4 3760.88 6115.27
1456 3725.95 5911.4 3760.88 6115.27
1457 3725.95 5911.4 3760.88 6115.27
1458 3725.95 5911.4 3760.88 6115.27
1459 3725.95 5911.4 3760.88 6115.27
1460 3725.95 5911.39 3760.88 6115.27
1461 3725.95 5911.39 3760.88 6115.27
1462 3725.95 5911.39 3760.88 6115.27
1463 3725.95 5911.39 3760.88 6115.27
1464 3725.95 5911.39 3760.88 6115.27
1465 3725.95 5911.39 3760.88 6115.27
1466 3725.95 5911.39 3760.88 6115.27
1467 3725.95 5911.39 3760.88 6115.27
1468 3725.95 5911.38 3760.88 6115.27
1469 3725.95 5911.38 3760.88 6115.27
1470 3725.95 5911.38 3760.88 6115.27
1471 3725.95 5911.38 3760.88 6115.27
1472 3725.95 5911.38 3760.88 6115.27
1473 3725.95 5911.38 3760.88 6115.27
1474 3725.95 5911.38 3760.88 6115.27
1475 3725.96 5911.38 3760.88 6115.27
1476 3725.96 5911.38 3760.88 6115.27
1477 3725.96 5911.39 3760.88 6115.27
1478 3725.96 5911.39 3760.88 6115.27
1479 3725.96 5911.39 3760.88 6115.27
1480 3725.96 5911.39 3760.88 6115.27
1481 3725.96 5911.39 3760.88 6115.27
1482 3725.96 5911.39 3760.88 6115.27
1483 3725.96 5911.39 3760.88 6115.27
1484 3725.96 5911.39 3760.88 6115.27
1485 3725.96 5911.39 3760.88 6115.27
1486 3725.96 5911.4 3760.88 6115.27
1487 3725.96 5911.4 3760.88 6115.27
1488 3725.96 5911.4 3760.88 6115.27
1489 3725.96 5911.4 3760.88 6115.27
1490 3725.96 5911.4 3760.88 6115.27
1491 3725.96 5911.4 3760.88 6115.27
1492 3725.96 5911.4 3760.88 6115.27
1493 3725.96 5911.4 3760.88 6115.27
1494 3725.96 5911.4 3760.88 6115.27
1495 3725.96 5911.4 3760.88 6115.27
1496 3725.96 5911.4 3760.88 6115.27
1497 3725.96 5911.4 3760.88 6115.27
1498 3725.96 5911.4 3760.88 6115.27
1499 3725.96 5911.4 3760.88 6115.27
1500 3725.96 5911.4 3760.88 6115.27
