Iter MassResid UResid VResid Core_dP_AfterInletBuffer(Pa) Full_dP_FullSystem(Pa)
0 0.04985 0 0 0 3000
1 0.0374132 0.391202 1.15904e-15 0 5999.98
2 0.0357431 0.0955151 0.000902318 0 8999.94
3 0.0312209 0.0840728 0.000937283 0 11999.9
4 0.0296953 0.079461 0.00115196 0 14999.8
5 0.0251187 0.081614 0.00120404 0 17999.6
6 0.0372907 0.0861091 0.00141328 0 20999.5
7 0.0297356 0.0738793 0.000826575 0 23999.3
8 0.0372274 0.0707951 0.00111827 0 26999.1
9 0.035264 0.37752 0.00064999 0 29998.9
10 0.0386793 0.181502 0.00170951 0 32998.7
11 0.0418948 0.117986 0.00081345 0 35998.4
12 0.0386064 0.253472 0.000564199 0 38998.2
13 0.0363796 0.381872 0.00260347 0 41997.9
14 0.0346532 0.217719 0.001083 0 44997.6
15 0.0334697 0.188242 0.0113322 0 47997.3
16 0.0378286 0.144161 0.0067044 677.837 50996.9
17 0.0348015 0.30403 0.0121644 6664.19 53996.6
18 0.0328034 0.251144 0.00954673 12653.4 56996.3
19 0.0429947 0.11904 0.012599 18645 59995.9
20 0.0396382 0.182991 0.0129979 24638.6 62995.5
21 0.0378408 0.143816 0.011839 30633.9 65995.2
22 0.0386408 0.136384 0.0215787 36630.6 68994.8
23 0.0405208 0.119682 0.0166152 42628.4 71994.4
24 0.037319 0.34632 0.00805347 48627.2 74994
25 0.0351685 0.383507 0.0230527 54626.8 77993.6
26 0.0335119 0.318229 0.0122901 60626.9 80993.2
27 0.0372693 0.201032 0.00718805 66627.6 83992.8
28 0.0408269 0.155319 0.0144534 72628.6 86992.4
29 0.0382168 0.145799 0.0157391 78629.9 89991.9
30 0.0393079 0.140508 0.0094173 84631.5 92991.5
31 0.0425221 0.13704 0.0148318 90633.1 95991.1
32 0.0396395 0.37308 0.0101206 96634.8 98990.6
33 0.0374589 0.191852 0.00689397 102637 101990
34 0.0356901 0.298146 0.0161485 108638 104990
35 0.0342091 0.363666 0.0157218 114640 107989
36 0.0421615 0.185914 0.014049 120642 110989
37 0.0393349 0.314019 0.0173811 126643 113988
38 0.0371734 0.257842 0.0175064 132645 116988
39 0.0388934 0.247314 0.0277484 135918 119988
40 0.0401388 0.281172 0.0264092 135896 122987
41 0.0383635 0.319851 0.0258337 129868 125987
42 0.054141 0.389373 0.0283336 123834 128986
43 0.0742563 0.530244 0.0250168 117795 131986
44 0.0852071 0.814523 0.0334635 111866 134985
45 0.0886847 0.664197 0.0470419 107282 131985
46 0.0872426 0.605455 0.099567 103575 128984
47 0.10322 0.974095 0.121339 100041 125984
48 0.106301 0.649536 0.0713533 96639.3 122983
49 0.109007 0.894384 0.11479 93337.7 119983
50 0.11328 0.569442 0.0716003 90112.4 116982
51 0.116845 1.10963 0.0680719 86944.8 113982
52 0.119172 0.565364 0.0942046 83821.2 110982
53 0.119606 1.1106 0.0774477 80730.9 107981
54 0.114773 0.525494 0.158293 77665.9 104981
55 0.124565 1.56904 0.0740721 74620.1 101980
56 0.133008 1.04081 0.06523 71588.8 98979.8
57 0.14106 1.04179 0.0422617 68568.6 95979.3
58 0.148701 1.06789 0.0841135 65556.7 92978.9
59 0.155345 1.09429 0.0516425 62551.1 89978.4
60 0.16145 1.0382 0.0949192 59550.3 86978
61 0.167721 1.04806 0.0803777 56553 83977.6
62 0.175493 1.05209 0.189943 53558.5 80977.1
63 0.18193 2.17383 0.111459 50566 77976.7
64 0.187217 1.05133 0.129631 47575.1 74976.3
65 0.19089 1.44295 0.12895 44585.2 71975.8
66 0.192189 1.15357 0.0734603 41596.2 68975.4
67 0.199257 1.56643 0.0953695 38607.7 65975
68 0.207808 1.89 0.0675746 35619.7 62974.5
69 0.216143 2.95843 0.0783687 32632 59974.1
70 0.223992 2.12978 0.187831 29644.5 56973.7
71 0.231473 1.0629 0.178442 26657.2 53973.3
72 0.238693 1.46944 0.196993 23669.9 50972.9
73 0.245759 1.5025 0.134248 20682.6 47972.4
74 0.252739 1.48722 0.120606 17695.4 44972
75 0.259517 1.73637 0.12142 14708.1 41971.6
76 0.235507 1.68254 0.220419 11720.8 38971.2
77 0.229505 2.82628 0.24352 8733.4 35970.8
78 0.207225 1.74835 0.187109 5745.94 32970.4
79 0.209561 1.64043 0.194267 2758.41 29970
80 0.212005 2.84048 0.200918 -229.223 26969.6
81 0.214539 1.67434 0.206032 -3216.95 23969.2
82 0.217146 1.724 0.208929 -6204.78 20968.8
83 0.219812 1.68856 0.447125 -9192.71 17968.4
84 0.223306 2.7621 0.239783 -12180.7 14968
85 0.225283 1.92277 0.370177 -15168.9 11967.6
86 0.213851 1.24173 0.208328 -18157.2 8967.23
87 0.203557 1.5311 0.312944 -21145.5 5966.85
88 0.212482 2.58905 0.308554 -24134 2966.46
89 0.22059 1.99369 0.484741 -27122.6 -33.9178
90 0.227948 2.03821 0.158541 -30111.3 -3034.3
91 0.234618 2.88683 0.399199 -33100.1 -6034.67
92 0.240657 2.20752 0.263249 -36089 -9035.05
93 0.243148 1.57258 0.19181 -34951.4 -12035.4
94 0.25434 2.90136 0.36923 -31906.5 -15035.8
95 0.264307 1.71351 0.503035 -28861.7 -18036.2
96 0.2688 1.59897 0.876612 -25817.1 -21036.5
97 0.27911 0.914182 0.386006 -22773 -24036.9
98 0.281639 0.867158 0.360571 -19729.4 -27037.3
99 0.284144 1.18886 0.285006 -16686.7 -30037.6
100 0.286649 1.48853 0.387484 -13644.9 -33038
101 0.289162 2.17426 0.322502 -10604.1 -36038.3
102 0.291689 3.00159 0.278975 -7564.6 -39038.7
103 0.294278 1.87497 0.369445 -4526.34 -42039
104 0.290678 1.93217 0.291304 -1489.46 -45039.4
105 0.254337 1.86174 0.393436 1545.97 -47518.5
106 0.245833 1.30683 0.727547 4579.91 -44518.8
107 0.228879 2.68955 0.161072 1612.32 -41519.2
108 0.236436 2.03752 0.217563 2074.22 -38519.5
109 0.243839 2.9058 0.467935 -995.692 -35519.9
110 0.256025 2.93935 0.387612 -4061.25 -32520.2
111 0.255497 2.01254 0.336455 -7122.15 -29520.6
112 0.257173 2.79414 0.328184 -10178.1 -26520.9
113 0.262511 2.94739 0.368229 -13228.8 -23521.2
114 0.269784 2.22472 0.532774 -16273.3 -20521.6
115 0.27337 3.08589 0.419735 -17461.3 -17521.9
116 0.272722 3.01984 0.350171 -16961.1 -14522.2
117 0.269352 2.38974 0.558814 -14805.4 -11522.6
118 0.241856 2.27076 0.530246 -16745 -8522.9
119 0.24892 2.62746 0.482457 -15767.3 -5523.22
120 0.233349 1.22748 0.797358 -12760.3 -2523.55
121 0.250762 2.95293 0.469146 -9753.38 476.124
122 0.265735 1.13364 0.311937 -6746.82 3475.8
123 0.273906 2.13049 0.244243 -3838.14 6475.48
124 0.275673 1.65185 0.329028 -2403.26 9475.16
125 0.277444 2.31485 0.159249 -1075.68 12474.8
126 0.279218 1.59097 0.248219 352.945 15474.5
127 0.280963 1.03621 0.266268 2374.92 18474.2
128 0.28261 1.5908 0.493451 4027.18 21473.9
129 0.283093 1.86024 0.197077 4882.85 24473.6
130 0.255631 0.719349 0.249146 5521.91 27473.3
131 0.21064 1.15811 0.260964 6052.66 29994.4
132 0.10107 1.97192 0.352573 6475.63 26994.1
133 0.0916039 0.899807 0.238695 6813.08 23993.8
134 0.0925445 0.641098 0.194388 7012.96 20993.5
135 0.0600121 0.440438 0.200352 7224.7 17993.2
136 0.0828809 0.62864 0.136612 7438.7 14992.9
137 0.0278487 0.247069 0.115713 7617.32 12094.3
138 0.017084 0.335434 0.112137 7732.09 11846.1
139 0.020372 0.475682 0.0960318 7820.58 12041
140 0.00991792 0.170683 0.0689751 7951.99 12261.5
141 0.00774478 0.199133 0.0657429 8065.77 12448.8
142 0.0120654 0.303115 0.0600048 8156.41 12599.4
143 0.00460612 0.156293 0.0524668 8257.97 12749.3
144 0.00535083 0.157105 0.052036 8351.13 12880.9
145 0.00385156 0.139406 0.0519619 8436.65 12996.7
146 0.00194419 0.0712909 0.0497067 8523.09 13106.7
147 0.00143612 0.0742267 0.0452079 8601.09 13202.3
148 0.00106918 0.0506246 0.0393609 8672.26 13286.2
149 0.000808517 0.0432597 0.0358607 8734.1 13356.7
150 0.000941561 0.0398098 0.0369467 8787.44 13415.3
151 0.000766394 0.037631 0.0368353 8831.56 13461.7
152 0.000524979 0.0357841 0.0331213 8867.17 13497.3
153 0.000586642 0.0339478 0.0316822 8895.15 13523
154 0.000661067 0.0319857 0.031113 8916.41 13540.3
155 0.000640743 0.0308548 0.0315092 8931.64 13550
156 0.000482502 0.0299203 0.0308124 8941.6 13553.1
157 0.000412762 0.0288591 0.0264221 8946.98 13550.4
158 0.000496558 0.0278868 0.0263917 8948.17 13542.4
159 0.000473974 0.0263384 0.0271207 8945.94 13530.1
160 0.000430389 0.0258395 0.0269614 8940.63 13513.9
161 0.000337302 0.0252953 0.0249478 8932.47 13494
162 0.000377785 0.0249631 0.0227787 8921.36 13470.1
163 0.000376051 0.0240929 0.0238375 8907.9 13443.1
164 0.000348649 0.0233566 0.0241301 8892.33 13413.4
165 0.000317431 0.0232165 0.02348 8874.68 13380.8
166 0.00029213 0.0229595 0.0210431 8854.96 13345.4
167 0.0003037 0.0226817 0.0215719 8833.19 13307.1
168 0.000302169 0.0224597 0.0220718 8809.74 13266.6
169 0.000270779 0.022028 0.0216432 8784.76 13224
170 0.000235756 0.0215877 0.0198855 8758.11 13179.1
171 0.000259022 0.0220309 0.020015 8729.51 13131.5
172 0.000264622 0.0220181 0.0205031 8699.57 13082.1
173 0.000229226 0.0217034 0.0196862 8668.57 13031.4
174 0.000216804 0.02139 0.0185102 8636.14 12978.7
175 0.000231146 0.0213637 0.0188329 8602.26 12924.1
176 0.000228023 0.0213973 0.0190567 8567.42 12868.3
177 0.00018711 0.0211582 0.0179564 8531.79 12811.6
178 0.000196485 0.0209677 0.0172527 8494.61 12752.9
179 0.00021202 0.0208627 0.0178325 8456.42 12692.9
180 0.000182127 0.020794 0.0171638 8417.79 12632.5
181 0.000168686 0.0206483 0.0165889 8378.19 12571
182 0.000191884 0.020308 0.0166119 8337.42 12508.1
183 0.000171698 0.0202964 0.0163198 8296.42 12445.1
184 0.000150173 0.0202247 0.0159809 8254.82 12381.4
185 0.000174552 0.0200173 0.0155364 8212.08 12316.5
186 0.000156807 0.0197619 0.0155277 8169.32 12251.7
187 0.000139689 0.0197718 0.0153854 8126.14 12186.7
188 0.000161273 0.0195863 0.015072 8082.1 12120.6
189 0.00013889 0.0192286 0.0148255 8038.27 12055.2
190 0.000134882 0.0193143 0.0148279 7994 11989.3
191 0.000147195 0.0190592 0.0145857 7949.34 11923.2
192 0.000120586 0.0187427 0.0142179 7905.01 11857.8
193 0.000133609 0.0188773 0.0143131 7860.03 11791.6
194 0.000130204 0.018485 0.014092 7815.28 11726
195 0.00010939 0.0183381 0.0137837 7770.77 11661
196 0.00012971 0.0184077 0.0138744 7725.67 11595.3
197 0.000116773 0.0178749 0.0135886 7681.26 11530.7
198 0.00011369 0.0179451 0.0134237 7637.03 11466.5
199 0.00011512 0.0177512 0.0134377 7593.01 11402.7
200 0.000104663 0.0174249 0.0130725 7549.44 11339.7
201 0.000114147 0.017499 0.0130937 7505.9 11276.8
202 0.000107612 0.0170698 0.0129529 7463.1 11215
203 0.000103901 0.0170391 0.0126069 7420.75 11153.9
204 0.000100482 0.0168623 0.0127211 7378.76 11093.3
205 9.64566e-05 0.0166052 0.0124792 7337.11 11033.3
206 0.000100231 0.0166349 0.0123722 7295.71 10973.7
207 9.90359e-05 0.0162121 0.0122962 7254.92 10915
208 9.73537e-05 0.016252 0.0120179 7214.74 10857.2
209 9.54821e-05 0.0159756 0.012061 7175.12 10800.3
210 9.18573e-05 0.0158482 0.0119452 7136.04 10744.1
211 8.63306e-05 0.0157288 0.0117663 7097.35 10688.6
212 8.93585e-05 0.0155071 0.0117987 7058.86 10633.4
213 8.59613e-05 0.0154957 0.0114731 7020.91 10579
214 9.08924e-05 0.0151184 0.0116175 6983.36 10525.3
215 8.52874e-05 0.0151764 0.0113458 6946.6 10472.6
216 8.95301e-05 0.0148634 0.0113875 6910.28 10420.7
217 8.4134e-05 0.0148344 0.0112269 6874.75 10369.8
218 8.26824e-05 0.0146008 0.0111256 6839.65 10319.6
219 8.374e-05 0.0145288 0.011063 6805.03 10270.1
220 7.59464e-05 0.0143543 0.0108582 6770.98 10221.3
221 8.3677e-05 0.0142532 0.0108823 6737.11 10172.8
222 7.19748e-05 0.0141232 0.0106009 6704.01 10125.3
223 8.19819e-05 0.0139812 0.0106941 6670.98 10077.8
224 7.28117e-05 0.0139013 0.0103548 6638.8 10031.5
225 8.238e-05 0.0136864 0.010498 6606.9 9985.57
226 7.22956e-05 0.0136358 0.0102057 6575.92 9940.84
227 8.11961e-05 0.0133855 0.0102852 6545.24 9896.45
228 7.1533e-05 0.0133699 0.0100335 6515.42 9853.22
229 7.7661e-05 0.013094 0.0100636 6485.87 9810.3
230 7.09083e-05 0.0131239 0.00984681 6457.01 9768.32
231 7.40412e-05 0.0128262 0.00984517 6428.45 9726.68
232 7.0261e-05 0.0128952 0.00965634 6400.42 9685.77
233 7.09363e-05 0.0125929 0.00963569 6372.71 9645.29
234 6.94656e-05 0.012679 0.00946621 6345.42 9605.38
235 6.83863e-05 0.0123858 0.00943632 6318.48 9565.98
236 6.84965e-05 0.0124722 0.0092772 6291.87 9527.05
237 6.63208e-05 0.0121837 0.00924568 6265.64 9488.67
238 6.82692e-05 0.0122727 0.00908926 6239.7 9450.71
239 6.4522e-05 0.0119777 0.00906183 6214.19 9413.4
240 6.78985e-05 0.0120745 0.008895 6188.92 9376.44
241 6.30422e-05 0.0117699 0.00888075 6164.13 9340.19
242 6.72736e-05 0.0118775 0.00869588 6139.52 9304.23
243 6.19028e-05 0.0115876 0.00870161 6115.43 9269.02
244 6.64181e-05 0.0116818 0.00849402 6091.51 9234.05
245 6.23166e-05 0.0114161 0.00852432 6068.11 9199.82
246 6.51903e-05 0.0114769 0.00828882 6044.97 9165.95
247 6.28816e-05 0.0112434 0.00834207 6022.3 9132.73
248 6.37339e-05 0.0112677 0.00807742 5999.98 9099.94
249 6.3034e-05 0.011071 0.00815396 5978.07 9067.7
250 6.21598e-05 0.0110601 0.00793121 5956.55 9035.93
251 6.22417e-05 0.0109025 0.00796333 5935.39 9004.59
252 6.0554e-05 0.0108609 0.00778555 5914.62 8973.69
253 6.11905e-05 0.010743 0.00777456 5894.18 8943.14
254 5.88596e-05 0.0106698 0.00764243 5874.12 8913.02
255 6.00895e-05 0.0105923 0.00758059 5854.36 8883.17
256 5.70213e-05 0.0104849 0.00750139 5835 8853.75
257 5.98281e-05 0.0104488 0.0073901 5815.89 8824.54
258 5.48722e-05 0.010303 0.00735826 5797.23 8795.83
259 6.04038e-05 0.010323 0.00719958 5778.74 8767.22
260 5.25498e-05 0.0101562 0.00721066 5760.78 8739.25
261 6.07683e-05 0.0102282 0.00700617 5742.88 8711.23
262 5.47477e-05 0.0100028 0.00705782 5725.56 8683.98
263 5.9481e-05 0.0100892 0.00689785 5708.45 8656.92
264 5.47757e-05 0.00989738 0.00688541 5691.81 8630.48
265 5.78975e-05 0.00994339 0.00678295 5675.36 8604.24
266 5.38113e-05 0.00981577 0.0067051 5659.27 8578.49
267 5.63251e-05 0.00980209 0.00665328 5643.32 8552.89
268 5.25919e-05 0.0097331 0.00652097 5627.68 8527.71
269 5.4693e-05 0.00966106 0.00651758 5612.13 8502.64
270 5.06411e-05 0.00964694 0.00634269 5596.86 8477.95
271 5.2972e-05 0.00952174 0.00636989 5581.63 8453.3
272 5.19194e-05 0.00956021 0.00625996 5566.65 8429
273 5.05247e-05 0.00939975 0.00621894 5551.86 8404.97
274 5.34431e-05 0.00945301 0.00616076 5537.21 8381.13
275 4.96502e-05 0.00933845 0.00605811 5522.88 8357.76
276 5.31406e-05 0.00931772 0.00604226 5508.65 8334.54
277 4.81458e-05 0.00926035 0.00589275 5494.72 8311.78
278 5.17512e-05 0.00917205 0.0059059 5480.79 8289.07
279 4.53881e-05 0.00917379 0.00581397 5467.09 8266.77
280 5.01316e-05 0.00904288 0.00575881 5453.24 8244.35
281 4.69439e-05 0.00908528 0.00571949 5439.59 8222.35
282 4.77184e-05 0.00899951 0.005611 5425.92 8200.5
283 4.89547e-05 0.00896828 0.00560385 5412.29 8178.92
284 4.52806e-05 0.00892542 0.00549996 5398.74 8157.71
285 4.93673e-05 0.00882451 0.00547424 5385.02 8136.57
286 4.19803e-05 0.00883124 0.00542276 5371.39 8115.88
287 4.81529e-05 0.0087391 0.00540676 5357.33 8095.01
288 4.29493e-05 0.00873309 0.00538783 5343.34 8074.61
289 4.57515e-05 0.0086949 0.00533256 5329.02 8054.23
290 4.53197e-05 0.00860703 0.00534118 5314.62 8034.19
291 4.24498e-05 0.0086073 0.00526889 5300.08 8014.44
292 4.65386e-05 0.00848634 0.00527835 5285.24 7994.73
293 3.90636e-05 0.00849392 0.00523917 5270.39 7975.48
294 4.54134e-05 0.00846622 0.00520278 5255.03 7956
295 4.10154e-05 0.00837506 0.00519685 5239.74 7937
296 4.26508e-05 0.00838963 0.00511544 5224.22 7918.06
297 4.35195e-05 0.00826071 0.00513799 5208.67 7899.39
298 3.88035e-05 0.00826613 0.00508917 5193.19 7881.05
299 4.37881e-05 0.00823412 0.0050617 5177.51 7862.64
300 3.82242e-05 0.00812807 0.00504634 5162.09 7844.66
301 4.16779e-05 0.00816104 0.00497091 5146.6 7826.61
302 4.05207e-05 0.00804813 0.00498666 5131.4 7808.9
303 3.83161e-05 0.00803161 0.00493694 5116.45 7791.39
304 4.17454e-05 0.00801124 0.00490817 5101.69 7773.93
305 3.80334e-05 0.00787427 0.00489198 5087.4 7756.85
306 3.98997e-05 0.00791335 0.00481558 5073.39 7739.81
307 3.8287e-05 0.00783449 0.00482669 5059.83 7723.03
308 3.66573e-05 0.00777512 0.00478206 5046.66 7706.37
309 3.97169e-05 0.00778527 0.00474242 5033.84 7689.74
310 3.70147e-05 0.00767305 0.00473202 5021.58 7673.44
311 3.77719e-05 0.00766338 0.0046671 5009.71 7657.24
312 3.68438e-05 0.00762944 0.00466076 4998.3 7641.23
313 3.57729e-05 0.00751114 0.00462777 4987.28 7625.34
314 3.75604e-05 0.00754298 0.00457384 4976.61 7609.54
315 3.55265e-05 0.00747991 0.00456887 4966.36 7593.99
316 3.52328e-05 0.00739652 0.00451972 4956.4 7578.53
317 3.59511e-05 0.00741067 0.00448968 4946.71 7563.18
318 3.48381e-05 0.00733667 0.00446999 4937.31 7548.01
319 3.52365e-05 0.00727884 0.0044098 4928.11 7532.97
320 3.28922e-05 0.00727205 0.00439993 4919.1 7518.1
321 3.40019e-05 0.00720514 0.00436819 4910.14 7503.22
322 3.43491e-05 0.00716446 0.00431632 4901.29 7488.51
323 3.2631e-05 0.00714541 0.00430864 4892.55 7474
324 3.30326e-05 0.00706785 0.00426899 4883.78 7459.55
325 3.29122e-05 0.00703934 0.00423183 4875.02 7445.25
326 3.23602e-05 0.00701726 0.00421425 4866.23 7431.1
327 3.21287e-05 0.00693336 0.0041693 4857.39 7417.08
328 3.27476e-05 0.00690979 0.00414221 4848.48 7403.18
329 3.1847e-05 0.00687999 0.00411811 4839.54 7389.48
330 3.15797e-05 0.00679617 0.00406892 4830.52 7375.91
331 3.2778e-05 0.00676975 0.00404851 4821.43 7362.45
332 3.14098e-05 0.00673524 0.00401946 4812.35 7349.23
333 3.20621e-05 0.0067127 0.00396775 4803.2 7336.11
334 3.25529e-05 0.00666295 0.0039513 4794.07 7323.17
335 3.0969e-05 0.00664067 0.00391791 4785 7310.43
336 3.21774e-05 0.00664119 0.00386517 4775.91 7297.76
337 3.20919e-05 0.0065903 0.00385079 4766.92 7285.29
338 3.15226e-05 0.00655822 0.00381516 4758.05 7272.97
339 3.19929e-05 0.00655415 0.00376331 4749.26 7260.77
340 3.14989e-05 0.00650725 0.00374893 4740.63 7248.74
341 3.2329e-05 0.00647908 0.00371219 4732.13 7236.81
342 3.1649e-05 0.00648108 0.00366238 4723.8 7225.06
343 3.25222e-05 0.00645046 0.00364689 4715.61 7213.43
344 3.28583e-05 0.00641515 0.00361008 4707.59 7201.97
345 3.18412e-05 0.00641026 0.00356627 4699.72 7190.69
346 3.33252e-05 0.00637677 0.00356792 4691.95 7179.5
347 3.31486e-05 0.00633057 0.00352656 4684.3 7168.5
348 3.19394e-05 0.00632253 0.00354117 4676.73 7157.65
349 3.39217e-05 0.00628844 0.00353398 4669.16 7146.87
350 3.32392e-05 0.00623256 0.00348522 4661.66 7136.28
351 3.24873e-05 0.00622371 0.00350931 4654.16 7125.81
352 3.4323e-05 0.00618698 0.00349453 4646.62 7115.43
353 3.31078e-05 0.00612285 0.00344218 4639.08 7105.22
354 3.32232e-05 0.0061156 0.00347175 4631.48 7095.1
355 3.4452e-05 0.006076 0.00345037 4623.83 7085.09
356 3.28459e-05 0.00600529 0.00340746 4616.15 7075.23
357 3.37986e-05 0.00600102 0.00342983 4608.38 7065.43
358 3.44396e-05 0.00596026 0.0034027 4600.57 7055.75
359 3.23478e-05 0.00588769 0.00336898 4592.74 7046.2
360 3.41702e-05 0.00588379 0.00338493 4584.82 7036.66
361 3.43106e-05 0.00584329 0.00335295 4576.92 7027.26
362 3.19751e-05 0.00577567 0.00332829 4569.04 7017.98
363 3.43817e-05 0.00576432 0.00333852 4561.12 7008.69
364 3.40836e-05 0.00572534 0.0033022 4553.31 6999.55
365 3.23479e-05 0.00566331 0.00328598 4545.59 6990.51
366 3.44616e-05 0.005639 0.0032911 4537.94 6981.49
367 3.37662e-05 0.00560324 0.00325031 4530.49 6972.61
368 3.27861e-05 0.00554783 0.00324143 4523.23 6963.82
369 3.44358e-05 0.00551006 0.00324197 4516.14 6955.07
370 3.33762e-05 0.00547852 0.00319724 4509.33 6946.44
371 3.31123e-05 0.00543036 0.00319488 4502.79 6937.89
372 3.43276e-05 0.0053814 0.00319155 4496.51 6929.39
373 3.2937e-05 0.00535285 0.00314365 4490.57 6921.01
374 3.33338e-05 0.00532544 0.00314705 4484.92 6912.68
375 3.41503e-05 0.00532385 0.00314061 4479.56 6904.42
376 3.24723e-05 0.00529578 0.0030903 4474.54 6896.27
377 3.34721e-05 0.00526302 0.00309858 4469.77 6888.15
378 3.39263e-05 0.00526441 0.00308974 4465.26 6880.12
379 3.20085e-05 0.00524215 0.00303773 4461 6872.2
380 3.35434e-05 0.0052097 0.00304985 4456.89 6864.29
381 3.36878e-05 0.00520302 0.00303934 4452.93 6856.48
382 3.15178e-05 0.00518654 0.0029863 4449.1 6848.78
383 3.3531e-05 0.0051618 0.00300109 4445.26 6841.07
384 3.34401e-05 0.00513965 0.00298964 4441.47 6833.47
385 3.10632e-05 0.00512891 0.00293629 4437.67 6825.97
386 3.34303e-05 0.00511161 0.00295245 4433.73 6818.45
387 3.31736e-05 0.0050739 0.00294083 4429.73 6811.05
388 3.11329e-05 0.00506893 0.00288787 4425.64 6803.74
389 3.32623e-05 0.00505599 0.00290391 4421.34 6796.42
390 3.28851e-05 0.00501093 0.0028925 4416.93 6789.21
391 3.11003e-05 0.00500424 0.00284049 4412.36 6782.08
392 3.30516e-05 0.00499649 0.00285418 4407.57 6774.95
393 3.25865e-05 0.0049584 0.0028442 4402.65 6767.92
394 3.09768e-05 0.00493566 0.00279408 4397.58 6760.97
395 3.28083e-05 0.00493368 0.00280376 4392.31 6754.01
396 3.2292e-05 0.00490272 0.00279627 4386.93 6747.15
397 3.07727e-05 0.00486349 0.00274883 4381.44 6740.36
398 3.25439e-05 0.00486772 0.00275309 4375.79 6733.56
399 3.20124e-05 0.00484394 0.00274898 4370.11 6726.86
400 3.04957e-05 0.00480665 0.0027049 4364.37 6720.23
401 3.22661e-05 0.00479855 0.00270233 4358.57 6713.59
402 3.17542e-05 0.00478197 0.00270241 4352.81 6707.05
403 3.01503e-05 0.00475229 0.00266229 4347.1 6700.58
404 3.19787e-05 0.00472595 0.00265151 4341.42 6694.1
405 3.15201e-05 0.00471656 0.00265654 4335.87 6687.72
406 2.97388e-05 0.00469433 0.00262093 4330.46 6681.4
407 3.1683e-05 0.00466622 0.00260045 4325.16 6675.07
408 3.13108e-05 0.00464743 0.00261094 4320.09 6668.84
409 2.92776e-05 0.00463249 0.00258055 4315.22 6662.68
410 3.13775e-05 0.00461356 0.00254884 4310.52 6656.5
411 3.11331e-05 0.00457421 0.00256559 4306.06 6650.41
412 2.93684e-05 0.00456634 0.00254108 4301.83 6644.4
413 3.09915e-05 0.00455355 0.00249932 4297.76 6638.38
414 3.095e-05 0.00451742 0.00251928 4293.9 6632.45
415 2.94159e-05 0.0044937 0.00250124 4290.21 6626.59
416 3.05173e-05 0.00448752 0.00245996 4286.61 6620.73
417 3.07349e-05 0.0044614 0.00247022 4283.12 6614.95
418 2.94669e-05 0.00442172 0.0024601 4279.71 6609.23
419 2.99758e-05 0.00441603 0.00241871 4276.3 6603.52
420 3.04707e-05 0.00440023 0.00241962 4272.89 6597.87
421 2.94605e-05 0.00436959 0.00241781 4269.48 6592.28
422 2.93284e-05 0.00433971 0.00238165 4265.99 6586.71
423 3.01732e-05 0.0043346 0.00236745 4262.43 6581.18
424 2.93922e-05 0.00431294 0.00237477 4258.81 6575.71
425 2.85692e-05 0.00428389 0.00234655 4255.09 6570.28
426 2.98498e-05 0.00426486 0.00231656 4251.25 6564.86
427 2.93226e-05 0.004252 0.0023304 4247.34 6559.51
428 2.77301e-05 0.00423092 0.00231099 4243.35 6554.2
429 2.94949e-05 0.00420697 0.00228235 4239.22 6548.88
430 2.9275e-05 0.00418643 0.00228302 4235.06 6543.64
431 2.78582e-05 0.00417297 0.00227347 4230.84 6538.46
432 2.89742e-05 0.00415619 0.00224625 4226.54 6533.28
433 2.916e-05 0.00412307 0.00223259 4222.22 6528.16
434 2.81186e-05 0.00410667 0.00223343 4217.9 6523.1
435 2.82334e-05 0.0040966 0.00220514 4213.54 6518.05
436 2.89041e-05 0.00407568 0.00218272 4209.18 6513.05
437 2.81783e-05 0.00404207 0.00218982 4204.85 6508.1
438 2.72959e-05 0.00403097 0.00216877 4200.54 6503.18
439 2.85665e-05 0.00402294 0.00215126 4196.23 6498.26
440 2.81747e-05 0.00399891 0.0021414 4192 6493.4
441 2.6709e-05 0.00396828 0.00213162 4187.81 6488.58
442 2.81175e-05 0.00396271 0.00211683 4183.63 6483.75
443 2.81502e-05 0.00394868 0.00208968 4179.53 6478.98
444 2.71342e-05 0.00392625 0.00209187 4175.5 6474.27
445 2.73095e-05 0.00390043 0.0020764 4171.51 6469.56
446 2.79153e-05 0.00388847 0.00205561 4167.56 6464.89
447 2.7263e-05 0.00387528 0.00204538 4163.68 6460.28
448 2.62415e-05 0.00385717 0.00203167 4159.83 6455.69
449 2.75452e-05 0.00383568 0.00202462 4155.98 6451.1
450 2.72894e-05 0.00381811 0.001994 4152.19 6446.58
451 2.60948e-05 0.00380771 0.0019906 4148.44 6442.1
452 2.69358e-05 0.00379507 0.00198712 4144.69 6437.62
453 2.71882e-05 0.00377014 0.00198398 4140.99 6433.2
454 2.64123e-05 0.00379514 0.00196326 4137.33 6428.83
455 2.58862e-05 0.00378228 0.00196725 4133.7 6424.48
456 2.68568e-05 0.00374859 0.00197581 4130.1 6420.16
457 2.64851e-05 0.00380331 0.00196754 4126.58 6415.89
458 2.5207e-05 0.0038217 0.00194015 4123.1 6411.66
459 2.63096e-05 0.00378607 0.00195942 4119.67 6407.43
460 2.64419e-05 0.0037867 0.00196119 4116.32 6403.26
461 2.56597e-05 0.00383214 0.00194552 4113.05 6399.14
462 2.52354e-05 0.00384171 0.00193317 4109.84 6395.04
463 2.6107e-05 0.00377923 0.00194594 4106.69 6390.96
464 2.57532e-05 0.00381697 0.00194115 4103.62 6386.94
465 2.45689e-05 0.00385398 0.00191742 4100.63 6382.95
466 2.55038e-05 0.00384495 0.00192061 4097.67 6378.97
467 2.56814e-05 0.00377488 0.00192726 4094.78 6375.03
468 2.49968e-05 0.00384006 0.00191671 4091.96 6371.14
469 2.42993e-05 0.00386875 0.00188633 4089.18 6367.27
470 2.52785e-05 0.00383718 0.00190312 4086.42 6363.41
471 2.50587e-05 0.00379721 0.00190407 4083.72 6359.6
472 2.41255e-05 0.00385484 0.00188871 4081.04 6355.82
473 2.44848e-05 0.00387657 0.00186791 4078.37 6352.05
474 2.48674e-05 0.00382303 0.00188126 4075.7 6348.32
475 2.43742e-05 0.00381052 0.00187738 4073.05 6344.63
476 2.30449e-05 0.00386168 0.00185766 4070.39 6340.96
477 2.43129e-05 0.0038716 0.00184622 4067.69 6337.28
478 2.43419e-05 0.00380525 0.00185583 4064.98 6333.65
479 2.36532e-05 0.0038179 0.00184833 4062.26 6330.07
480 2.31082e-05 0.00386332 0.00182475 4059.5 6326.5
481 2.39268e-05 0.00385665 0.00182116 4056.71 6322.94
482 2.37284e-05 0.00378121 0.00182689 4053.91 6319.43
483 2.2911e-05 0.00381454 0.00181646 4051.09 6315.95
484 2.29811e-05 0.00385588 0.00179022 4048.25 6312.48
485 2.34571e-05 0.00383685 0.00179208 4045.41 6309.03
486 2.31082e-05 0.00375531 0.00179507 4042.59 6305.63
487 2.21369e-05 0.00380234 0.0017827 4039.79 6302.25
488 2.26807e-05 0.00384144 0.00175507 4037.02 6298.87
489 2.29281e-05 0.00381452 0.00175996 4034.29 6295.52
490 2.24944e-05 0.00373004 0.00176126 4031.64 6292.2
491 2.22023e-05 0.00378247 0.0017479 4029.05 6288.9
492 2.28612e-05 0.00381709 0.00172002 4026.54 6285.62
493 2.26242e-05 0.0037843 0.00172475 4024.11 6282.38
494 2.18506e-05 0.00369904 0.00172465 4021.75 6279.16
495 2.24136e-05 0.00374951 0.00171059 4019.45 6275.94
496 2.29894e-05 0.00378097 0.00168323 4017.2 6272.75
497 2.27181e-05 0.00374605 0.00168552 4015.02 6269.61
498 2.19249e-05 0.00366081 0.00168484 4012.86 6266.49
499 2.24329e-05 0.00370009 0.00167054 4010.69 6263.37
500 2.29777e-05 0.00373115 0.00164389 4008.52 6260.28
501 2.2695e-05 0.00369739 0.00164212 4006.33 6257.22
502 2.18995e-05 0.00361458 0.00164156 4004.1 6254.2
503 2.22994e-05 0.00363945 0.00162769 4001.79 6251.17
504 2.28496e-05 0.00367169 0.00160249 3999.41 6248.17
505 2.25803e-05 0.00364135 0.00159592 3996.97 6245.21
506 2.18065e-05 0.00356268 0.00159607 3994.45 6242.27
507 2.20522e-05 0.00357062 0.00158314 3991.84 6239.33
508 2.26393e-05 0.00360513 0.00156633 3989.13 6236.42
509 2.24067e-05 0.00357993 0.00154804 3986.36 6233.54
510 2.1675e-05 0.00350673 0.00154907 3983.53 6230.69
511 2.17181e-05 0.00349517 0.0015414 3980.62 6227.86
512 2.23687e-05 0.00353281 0.00152877 3977.67 6225.04
513 2.21938e-05 0.00351432 0.00150342 3974.69 6222.25
514 2.15212e-05 0.00344778 0.0015009 3971.7 6219.5
515 2.13097e-05 0.00341383 0.00150148 3968.7 6216.77
516 2.20489e-05 0.0034554 0.00149008 3965.72 6214.05
517 2.19509e-05 0.0034451 0.00146712 3962.8 6211.37
518 2.13538e-05 0.00338633 0.00145734 3959.95 6208.72
519 2.08316e-05 0.00332678 0.00146025 3957.18 6206.1
520 2.16804e-05 0.00337311 0.00145037 3954.51 6203.48
521 2.16773e-05 0.00337203 0.00142925 3951.98 6200.91
522 2.11668e-05 0.00332155 0.00141363 3949.6 6198.38
523 2.02844e-05 0.00323357 0.0014175 3947.37 6195.88
524 2.12322e-05 0.0032854 0.00140947 3945.28 6193.38
525 2.13719e-05 0.00329534 0.00139063 3943.37 6190.93
526 2.09594e-05 0.00325447 0.00136833 3941.64 6188.53
527 1.99869e-05 0.00317685 0.00137321 3940.05 6186.16
528 2.27778e-05 0.00319102 0.00136755 3938.6 6183.8
529 2.62202e-05 0.00320644 0.00135674 3937.31 6181.53
530 2.9343e-05 0.0031607 0.00134541 3936.19 6179.37
531 3.20634e-05 0.00307103 0.00132903 3935.21 6177.35
532 3.43123e-05 0.00301822 0.00133223 3934.35 6175.44
533 3.60366e-05 0.00301784 0.00132718 3933.57 6173.63
534 3.72009e-05 0.00296511 0.00131429 3932.83 6171.92
535 3.77867e-05 0.00287077 0.00129132 3932.09 6170.29
536 3.77915e-05 0.00281389 0.00127982 3931.33 6168.71
537 3.72273e-05 0.00281097 0.00127489 3930.5 6167.18
538 3.61182e-05 0.00275482 0.00126311 3929.58 6165.68
539 3.44971e-05 0.0026608 0.00124144 3928.54 6164.19
540 3.34933e-05 0.00265138 0.00122786 3927.36 6162.69
541 3.42146e-05 0.00264186 0.00122637 3926.04 6161.19
542 3.42038e-05 0.00258002 0.00121787 3924.59 6159.69
543 3.34225e-05 0.00251095 0.00119868 3923 6158.18
544 3.19038e-05 0.00252823 0.00119261 3921.3 6156.67
545 3.06966e-05 0.00249895 0.00119243 3919.47 6155.13
546 3.1183e-05 0.00242974 0.00118348 3917.52 6153.56
547 3.10643e-05 0.00242911 0.00116482 3915.5 6151.96
548 3.03427e-05 0.00242748 0.00117005 3913.42 6150.34
549 2.90354e-05 0.00237888 0.00116985 3911.3 6148.69
550 2.71697e-05 0.00233561 0.00115895 3909.15 6146.99
551 2.79285e-05 0.00236282 0.00114876 3906.98 6145.23
552 2.926e-05 0.00234116 0.00115636 3904.84 6143.43
553 2.99014e-05 0.00229714 0.00115523 3902.77 6141.61
554 2.99803e-05 0.00228168 0.00114195 3900.79 6139.78
555 2.98582e-05 0.00228013 0.00114102 3898.91 6137.93
556 2.98338e-05 0.00226202 0.00114401 3897.14 6136.06
557 3.09003e-05 0.00225978 0.00113702 3895.5 6134.16
558 3.34182e-05 0.00222453 0.00111943 3894 6132.25
559 3.54577e-05 0.00220781 0.00112614 3892.66 6130.35
560 3.6981e-05 0.00221234 0.00112429 3891.48 6128.47
561 3.79602e-05 0.00218621 0.00111054 3890.46 6126.62
562 3.83786e-05 0.00214007 0.00109787 3889.6 6124.77
563 3.823e-05 0.00214005 0.00109853 3888.86 6122.94
564 3.75174e-05 0.00213368 0.00108974 3888.25 6121.12
565 3.62526e-05 0.00209294 0.00106936 3887.73 6119.29
566 3.54373e-05 0.0020733 0.00106834 3887.28 6117.44
567 3.59102e-05 0.00208478 0.0010653 3886.88 6115.59
568 3.58192e-05 0.00206517 0.00105184 3886.51 6113.74
569 3.5139e-05 0.00202649 0.00104173 3886.17 6111.9
570 3.38604e-05 0.00204 0.00104374 3885.81 6110.07
571 3.34679e-05 0.00204013 0.00103611 3885.41 6108.24
572 3.37913e-05 0.00200804 0.001018 3884.95 6106.43
573 3.35796e-05 0.00200409 0.0010251 3884.42 6104.65
574 3.28282e-05 0.00201398 0.00102305 3883.79 6102.89
575 3.15414e-05 0.00199191 0.0010093 3883.05 6101.17
576 3.0025e-05 0.00197134 0.00100824 3882.18 6099.48
577 3.05078e-05 0.00199692 0.0010103 3881.16 6097.8
578 3.25569e-05 0.00199504 0.0010027 3879.99 6096.17
579 3.41067e-05 0.00196334 0.000993981 3878.71 6094.61
580 3.49308e-05 0.00196632 0.000999574 3877.32 6093.12
581 3.45854e-05 0.00196816 0.000995328 3875.83 6091.71
582 3.5051e-05 0.00193814 0.00097897 3874.23 6090.36
583 3.74757e-05 0.00192024 0.000981822 3872.55 6089.07
584 3.82697e-05 0.00192838 0.000979846 3870.79 6087.86
585 3.72423e-05 0.00190824 0.00096665 3868.99 6086.72
586 3.48412e-05 0.00186941 0.000958985 3867.13 6085.62
587 3.64089e-05 0.00188516 0.000958959 3865.22 6084.54
588 3.66576e-05 0.00188108 0.00095028 3863.29 6083.49
589 3.55591e-05 0.00184508 0.000935646 3861.36 6082.48
590 3.36432e-05 0.0018445 0.00093942 3859.43 6081.49
591 3.115e-05 0.00185307 0.000934773 3857.51 6080.49
592 3.1127e-05 0.00183329 0.000919709 3855.6 6079.46
593 3.08502e-05 0.00182441 0.000923215 3853.73 6078.43
594 2.99072e-05 0.00184383 0.000923681 3851.93 6077.38
595 2.83799e-05 0.0018386 0.000914442 3850.19 6076.3
596 2.637e-05 0.00181682 0.0009116 3848.54 6075.2
597 2.48076e-05 0.00184347 0.000916176 3846.97 6074.04
598 2.47287e-05 0.0018601 0.000913261 3845.49 6072.82
599 2.40681e-05 0.00184699 0.000903615 3844.12 6071.56
600 2.28764e-05 0.00185075 0.000913749 3842.86 6070.27
601 2.12173e-05 0.00187922 0.000916273 3841.72 6068.92
602 1.91672e-05 0.00188934 0.000910433 3840.69 6067.52
603 1.85132e-05 0.00188416 0.000911098 3839.76 6066.04
604 1.74445e-05 0.00190936 0.000919964 3838.93 6064.51
605 1.60191e-05 0.00194297 0.00092284 3838.2 6062.92
606 1.66426e-05 0.00195954 0.000918229 3837.56 6061.28
607 1.87964e-05 0.00195187 0.000923748 3837 6059.62
608 2.06274e-05 0.00196218 0.000932541 3836.55 6058
609 2.2089e-05 0.00198151 0.00093391 3836.2 6056.42
610 2.31412e-05 0.00198291 0.000927187 3835.92 6054.89
611 2.37523e-05 0.00195489 0.000920313 3835.68 6053.41
612 2.39004e-05 0.00193041 0.000923436 3835.48 6051.96
613 2.35741e-05 0.00194895 0.000920218 3835.26 6050.54
614 2.27738e-05 0.00195368 0.000911828 3835.02 6049.15
615 2.15113e-05 0.00193697 0.000896744 3834.72 6047.76
616 1.98101e-05 0.00190063 0.000898083 3834.34 6046.38
617 1.77039e-05 0.00192389 0.000897146 3833.86 6044.99
618 1.59408e-05 0.00194738 0.00089234 3833.24 6043.59
619 1.56992e-05 0.00195831 0.000883864 3832.48 6042.16
620 1.52299e-05 0.00194465 0.000880214 3831.58 6040.73
621 1.45485e-05 0.00193962 0.000886144 3830.56 6039.31
622 1.36729e-05 0.00197472 0.000887622 3829.42 6037.91
623 1.39395e-05 0.00199965 0.000885436 3828.16 6036.52
624 1.44497e-05 0.00200462 0.000879044 3826.81 6035.17
625 1.47669e-05 0.00198793 0.000878936 3825.4 6033.87
626 1.53267e-05 0.00197234 0.000883587 3823.94 6032.63
627 1.68804e-05 0.00199847 0.000883494 3822.44 6031.44
628 1.79685e-05 0.0020096 0.000879244 3820.95 6030.32
629 1.8249e-05 0.00200485 0.000870801 3819.47 6029.26
630 1.83112e-05 0.00198085 0.000860147 3818 6028.26
631 1.93824e-05 0.00194235 0.000861333 3816.56 6027.31
632 1.99962e-05 0.00194756 0.000858396 3815.15 6026.4
633 2.01497e-05 0.0019557 0.000851535 3813.79 6025.54
634 1.98506e-05 0.00195309 0.00084136 3812.48 6024.7
635 1.91162e-05 0.00193087 0.000827461 3811.23 6023.89
636 1.80883e-05 0.00189562 0.000823564 3810.04 6023.09
637 1.81598e-05 0.00188368 0.000821347 3808.91 6022.29
638 1.7998e-05 0.0018985 0.000816003 3807.86 6021.5
639 1.75359e-05 0.00190273 0.000807782 3806.87 6020.7
640 1.67215e-05 0.00188996 0.000797013 3805.96 6019.9
641 1.58875e-05 0.00186383 0.00078937 3805.13 6019.09
642 1.60617e-05 0.00184038 0.000789848 3804.37 6018.26
643 1.5942e-05 0.00186082 0.000787141 3803.68 6017.41
644 1.5508e-05 0.001871 0.000781368 3803.06 6016.54
645 1.56329e-05 0.00186764 0.000772977 3802.51 6015.66
646 1.57599e-05 0.00184788 0.000761414 3802.02 6014.76
647 1.68812e-05 0.00181524 0.000762936 3801.58 6013.84
648 1.74232e-05 0.00181709 0.000761575 3801.2 6012.92
649 1.75483e-05 0.00182603 0.000756558 3800.85 6011.98
650 1.76152e-05 0.0018255 0.000748387 3800.52 6011.04
651 1.79344e-05 0.00180736 0.000737683 3800.2 6010.08
652 1.94808e-05 0.00177656 0.000729348 3799.88 6009.11
653 2.06898e-05 0.00174055 0.000727842 3799.55 6008.14
654 2.15356e-05 0.00174833 0.000723002 3799.21 6007.18
655 2.1999e-05 0.00174569 0.000714789 3798.84 6006.21
656 2.20679e-05 0.00172873 0.000703692 3798.42 6005.24
657 2.17379e-05 0.00169741 0.000690054 3797.97 6004.28
658 2.10121e-05 0.00165523 0.000685986 3797.46 6003.31
659 1.99003e-05 0.00165273 0.000681744 3796.89 6002.34
660 1.96304e-05 0.00165699 0.000674434 3796.25 6001.36
661 1.99756e-05 0.00164928 0.000664665 3795.56 6000.38
662 1.9961e-05 0.00162522 0.000653341 3794.81 5999.41
663 1.95722e-05 0.00158972 0.000650326 3794.02 5998.45
664 1.87995e-05 0.00158197 0.00064779 3793.19 5997.5
665 1.80992e-05 0.00158911 0.000642121 3792.33 5996.56
666 1.83449e-05 0.00158659 0.000633674 3791.44 5995.64
667 1.85975e-05 0.00156762 0.000622966 3790.53 5994.74
668 1.93278e-05 0.00153707 0.000620413 3789.62 5993.86
669 1.97508e-05 0.00152164 0.000618814 3788.72 5993.03
670 1.99414e-05 0.00152708 0.000614019 3787.84 5992.24
671 2.20264e-05 0.00152345 0.00060615 3786.99 5991.48
672 2.38691e-05 0.00150073 0.00059561 3786.17 5990.78
673 2.50167e-05 0.00146525 0.000590155 3785.39 5990.13
674 2.49288e-05 0.00143555 0.000587126 3784.67 5989.53
675 2.52523e-05 0.0014361 0.000580989 3783.99 5988.97
676 2.7368e-05 0.00142749 0.000571918 3783.36 5988.45
677 2.79627e-05 0.00140129 0.000560144 3782.79 5987.97
678 2.70999e-05 0.00136371 0.000553309 3782.27 5987.53
679 2.53378e-05 0.00134056 0.000549221 3781.79 5987.12
680 2.67012e-05 0.00134137 0.000542502 3781.36 5986.72
681 2.67837e-05 0.00132998 0.000533326 3780.97 5986.35
682 2.5986e-05 0.00130344 0.000521515 3780.63 5985.98
683 2.4699e-05 0.0012674 0.000518245 3780.32 5985.63
684 2.30477e-05 0.00126722 0.000514339 3780.05 5985.28
685 2.28054e-05 0.00126787 0.000507865 3779.79 5984.91
686 2.26986e-05 0.00125536 0.000499184 3779.56 5984.53
687 2.21541e-05 0.00123046 0.000492258 3779.34 5984.14
688 2.11999e-05 0.00121393 0.000491025 3779.12 5983.74
689 1.98835e-05 0.00122103 0.000487568 3778.91 5983.31
690 1.84309e-05 0.00122108 0.000481592 3778.69 5982.85
691 1.85001e-05 0.00120882 0.000473567 3778.44 5982.35
692 1.8145e-05 0.00118636 0.000472376 3778.17 5981.82
693 1.73893e-05 0.00118889 0.000471575 3777.88 5981.26
694 1.62696e-05 0.00119621 0.000468544 3777.55 5980.67
695 1.48324e-05 0.00119655 0.000463391 3777.18 5980.04
696 1.40923e-05 0.00118771 0.00045649 3776.77 5979.37
697 1.33914e-05 0.00117185 0.000457742 3776.3 5978.66
698 1.24079e-05 0.00117918 0.000457762 3775.78 5977.92
699 1.11859e-05 0.00119206 0.000456115 3775.21 5977.15
700 1.11031e-05 0.00120145 0.000452947 3774.59 5976.35
701 1.15014e-05 0.00120013 0.000453797 3773.92 5975.52
702 1.20997e-05 0.00119025 0.000454644 3773.23 5974.7
703 1.24429e-05 0.00117314 0.00045298 3772.53 5973.88
704 1.25225e-05 0.00117615 0.000449325 3771.81 5973.07
705 1.23351e-05 0.00118135 0.000451717 3771.09 5972.27
706 1.18824e-05 0.00118264 0.000453071 3770.36 5971.49
707 1.15146e-05 0.00117911 0.000452999 3769.63 5970.72
708 1.11413e-05 0.00116961 0.000451844 3768.9 5969.96
709 1.13817e-05 0.00115646 0.000448866 3768.19 5969.22
710 1.13729e-05 0.00113878 0.000444659 3767.49 5968.49
711 1.11135e-05 0.00113758 0.000443517 3766.81 5967.78
712 1.06107e-05 0.00114141 0.000444579 3766.15 5967.1
713 9.8791e-06 0.00114284 0.000444541 3765.53 5966.44
714 9.52607e-06 0.00114262 0.000443702 3764.93 5965.79
715 9.38474e-06 0.00113721 0.000442315 3764.37 5965.17
716 9.05445e-06 0.00112802 0.000439736 3763.84 5964.57
717 8.95774e-06 0.00111674 0.000436108 3763.35 5963.99
718 9.1297e-06 0.00110303 0.000433455 3762.91 5963.44
719 9.10874e-06 0.00109212 0.000434743 3762.5 5962.91
720 9.78144e-06 0.00109501 0.000435006 3762.14 5962.41
721 9.91573e-06 0.00109408 0.000434412 3761.82 5961.94
722 1.0318e-05 0.00109083 0.000432912 3761.54 5961.49
723 1.10573e-05 0.00108501 0.000430665 3761.29 5961.07
724 1.15813e-05 0.00107511 0.000427483 3761.07 5960.67
725 1.18742e-05 0.00106141 0.000422977 3760.89 5960.29
726 1.19236e-05 0.00104543 0.000417483 3760.72 5959.93
727 1.17212e-05 0.00102794 0.000415516 3760.56 5959.57
728 1.12638e-05 0.00100937 0.000414158 3760.41 5959.22
729 1.05538e-05 0.000989948 0.00041211 3760.26 5958.88
730 9.60016e-06 0.00098875 0.000409579 3760.09 5958.52
731 8.41857e-06 0.000987266 0.000406755 3759.9 5958.15
732 7.57343e-06 0.00098621 0.000403821 3759.69 5957.77
733 7.21901e-06 0.000985096 0.000400733 3759.44 5957.36
734 7.10881e-06 0.000982727 0.000397193 3759.16 5956.94
735 6.95446e-06 0.000977098 0.000393314 3758.84 5956.5
736 7.43423e-06 0.00096982 0.000393947 3758.5 5956.05
737 7.86232e-06 0.000959996 0.00039453 3758.13 5955.6
738 8.03584e-06 0.000948392 0.000394188 3757.73 5955.14
739 8.00738e-06 0.000935825 0.000392959 3757.32 5954.68
740 8.56516e-06 0.000935908 0.000390987 3756.89 5954.21
741 8.96474e-06 0.000936915 0.000388459 3756.44 5953.73
742 9.93153e-06 0.000935958 0.000385355 3755.98 5953.26
743 1.10587e-05 0.000931595 0.000381739 3755.52 5952.78
744 1.19431e-05 0.000922933 0.000377376 3755.06 5952.3
745 1.25602e-05 0.000911081 0.000371876 3754.61 5951.83
746 1.2891e-05 0.000896458 0.000370079 3754.16 5951.35
747 1.29248e-05 0.00087978 0.000367953 3753.72 5950.88
748 1.26616e-05 0.000861601 0.000365107 3753.3 5950.41
749 1.21114e-05 0.000856086 0.000361661 3752.88 5949.93
750 1.12919e-05 0.000855251 0.000357735 3752.48 5949.46
751 1.05863e-05 0.000853623 0.00035348 3752.1 5948.98
752 1.01703e-05 0.000851249 0.000349053 3751.73 5948.5
753 1.03882e-05 0.000846615 0.000344553 3751.38 5948.01
754 1.04199e-05 0.000838603 0.000339866 3751.05 5947.54
755 1.02635e-05 0.000828202 0.000335352 3750.74 5947.07
756 9.90781e-06 0.000815781 0.000334212 3750.46 5946.61
757 1.0017e-05 0.000802167 0.000332556 3750.2 5946.16
758 1.09359e-05 0.000792304 0.000330383 3749.96 5945.73
759 1.16577e-05 0.000792661 0.000327693 3749.75 5945.32
760 1.22089e-05 0.000790662 0.00032439 3749.57 5944.93
761 1.24801e-05 0.00078671 0.000320523 3749.4 5944.56
762 1.30873e-05 0.000780834 0.000316176 3749.26 5944.22
763 1.45338e-05 0.000771212 0.000311454 3749.13 5943.9
764 1.55618e-05 0.000758386 0.000306013 3749.02 5943.61
765 1.56979e-05 0.000742851 0.000303474 3748.92 5943.34
766 1.48746e-05 0.000727824 0.00030101 3748.83 5943.1
767 1.66642e-05 0.00072087 0.000297942 3748.74 5942.87
768 1.7379e-05 0.000712139 0.000294386 3748.65 5942.67
769 1.68191e-05 0.000703404 0.00029022 3748.55 5942.49
770 1.53648e-05 0.000697282 0.00028553 3748.45 5942.32
771 1.64533e-05 0.000689051 0.000280499 3748.34 5942.16
772 1.6585e-05 0.000677211 0.000275258 3748.22 5942.01
773 1.58815e-05 0.000671505 0.000271636 3748.08 5941.87
774 1.47968e-05 0.000665738 0.000269585 3747.92 5941.73
775 1.38464e-05 0.000659119 0.000267037 3747.74 5941.59
776 1.40368e-05 0.00065394 0.000264053 3747.55 5941.44
777 1.38587e-05 0.000649754 0.000260738 3747.33 5941.29
778 1.33885e-05 0.000644803 0.000257059 3747.1 5941.13
779 1.26296e-05 0.000639453 0.000253085 3746.85 5940.96
780 1.15961e-05 0.000634052 0.000249165 3746.59 5940.77
781 1.13868e-05 0.000631759 0.000248301 3746.32 5940.56
782 1.13496e-05 0.000631783 0.000247107 3746.03 5940.33
783 1.09912e-05 0.000630837 0.00024547 3745.73 5940.08
784 1.03249e-05 0.000628879 0.000243339 3745.43 5939.82
785 9.38107e-06 0.000626223 0.000240829 3745.13 5939.53
786 8.9691e-06 0.000623813 0.000238086 3744.82 5939.22
787 8.56806e-06 0.000623848 0.000235259 3744.51 5938.9
788 7.92158e-06 0.000623556 0.000233317 3744.21 5938.56
789 7.05922e-06 0.00062336 0.000233069 3743.91 5938.2
790 6.36731e-06 0.000623773 0.000232498 3743.61 5937.83
791 6.42764e-06 0.000624606 0.000231709 3743.33 5937.44
792 6.55421e-06 0.000624094 0.000230742 3743.06 5937.06
793 6.60604e-06 0.000625744 0.00022947 3742.8 5936.67
794 6.49802e-06 0.000626439 0.000227864 3742.56 5936.29
795 6.33015e-06 0.00062662 0.000225963 3742.34 5935.91
796 6.69895e-06 0.000626465 0.000223851 3742.14 5935.55
797 6.87839e-06 0.000625143 0.000221599 3741.96 5935.19
798 6.85211e-06 0.000623162 0.000219149 3741.8 5934.85
799 6.609e-06 0.000620899 0.000217821 3741.66 5934.53
800 6.14963e-06 0.000618684 0.00021666 3741.54 5934.21
801 5.99028e-06 0.000616856 0.000215301 3741.42 5933.91
802 5.97518e-06 0.000614928 0.000213822 3741.32 5933.62
803 5.78551e-06 0.000612531 0.000212242 3741.23 5933.34
804 5.42238e-06 0.000610084 0.000210529 3741.15 5933.07
805 5.29002e-06 0.000607938 0.000208978 3741.07 5932.82
806 4.87364e-06 0.000605921 0.000207748 3741 5932.57
807 5.69239e-06 0.000604796 0.000206513 3740.92 5932.33
808 6.0328e-06 0.000602009 0.000205322 3740.84 5932.11
809 5.61065e-06 0.000598612 0.000203968 3740.75 5931.89
810 5.22917e-06 0.0005956 0.000202462 3740.66 5931.68
811 5.71243e-06 0.000592917 0.000200931 3740.55 5931.47
812 5.52857e-06 0.000589382 0.000199436 3740.44 5931.27
813 5.15446e-06 0.000585956 0.000197873 3740.3 5931.06
814 5.00228e-06 0.000582885 0.000196294 3740.15 5930.86
815 4.93928e-06 0.000579851 0.000194758 3739.98 5930.64
816 5.11006e-06 0.000576728 0.000193256 3739.8 5930.43
817 5.00884e-06 0.000573219 0.000191769 3739.59 5930.21
818 4.74396e-06 0.000569729 0.00019025 3739.38 5929.99
819 4.46677e-06 0.000566472 0.000188715 3739.15 5929.77
820 4.19878e-06 0.000563454 0.000187199 3738.91 5929.54
821 4.21977e-06 0.000560643 0.000185722 3738.65 5929.31
822 5.36762e-06 0.000557548 0.00018429 3738.39 5929.09
823 6.43449e-06 0.000552856 0.00018285 3738.13 5928.86
824 7.16574e-06 0.000547231 0.000181228 3737.88 5928.66
825 7.34336e-06 0.000541141 0.000179538 3737.63 5928.46
826 8.00979e-06 0.00053499 0.0001779 3737.39 5928.27
827 9.13489e-06 0.000528509 0.000176175 3737.16 5928.09
828 9.69124e-06 0.000521555 0.000174363 3736.95 5927.92
829 9.4826e-06 0.000514475 0.000172443 3736.74 5927.77
830 9.12598e-06 0.000507632 0.000170445 3736.55 5927.62
831 1.02667e-05 0.000501118 0.000168429 3736.38 5927.49
832 1.06146e-05 0.000494229 0.000166439 3736.22 5927.36
833 9.95802e-06 0.000487381 0.000164409 3736.08 5927.24
834 9.21264e-06 0.000481031 0.000162355 3735.95 5927.13
835 1.01222e-05 0.000475262 0.000160343 3735.85 5927.02
836 1.00386e-05 0.00046917 0.000158422 3735.76 5926.92
837 9.16867e-06 0.000463312 0.000156505 3735.69 5926.82
838 8.04665e-06 0.000458122 0.000154614 3735.64 5926.72
839 8.48803e-06 0.000453898 0.000152816 3735.6 5926.62
840 8.37226e-06 0.000449417 0.00015118 3735.58 5926.52
841 8.03121e-06 0.000445111 0.000149597 3735.57 5926.4
842 8.14292e-06 0.000441144 0.000148064 3735.57 5926.28
843 8.4096e-06 0.000437138 0.000146597 3735.58 5926.15
844 8.48359e-06 0.000432993 0.000145177 3735.6 5926.01
845 8.37211e-06 0.000428869 0.000143916 3735.62 5925.86
846 8.15381e-06 0.000424897 0.00014302 3735.64 5925.7
847 8.12359e-06 0.000421145 0.000142249 3735.66 5925.53
848 8.11885e-06 0.000417453 0.00014148 3735.67 5925.34
849 8.0982e-06 0.000413691 0.000140707 3735.67 5925.14
850 8.1703e-06 0.0004099 0.000139922 3735.67 5924.94
851 8.23156e-06 0.000406067 0.000139123 3735.64 5924.73
852 8.07761e-06 0.000402435 0.000138302 3735.61 5924.51
853 7.61564e-06 0.000398926 0.000137456 3735.55 5924.28
854 7.90404e-06 0.000395748 0.000136603 3735.48 5924.06
855 8.19424e-06 0.00039234 0.000135922 3735.38 5923.83
856 8.21987e-06 0.000388743 0.000135348 3735.27 5923.61
857 7.99764e-06 0.000385149 0.000134727 3735.14 5923.4
858 7.59704e-06 0.000381715 0.000134071 3735 5923.19
859 7.88027e-06 0.000378557 0.000133407 3734.83 5922.99
860 7.981e-06 0.000375192 0.000132766 3734.66 5922.8
861 7.98037e-06 0.000371769 0.000132105 3734.47 5922.62
862 8.38412e-06 0.00036836 0.000131426 3734.27 5922.45
863 9.0103e-06 0.000364723 0.000130738 3734.07 5922.3
864 9.56574e-06 0.000360781 0.000130003 3733.86 5922.17
865 9.9126e-06 0.000356616 0.000129188 3733.65 5922.05
866 9.67661e-06 0.000352346 0.000128294 3733.45 5921.94
867 1.02533e-05 0.000348232 0.000127339 3733.25 5921.86
868 1.11312e-05 0.000343909 0.00012637 3733.05 5921.78
869 1.10961e-05 0.000339293 0.000125364 3732.86 5921.72
870 1.00049e-05 0.000334745 0.000124299 3732.68 5921.68
871 1.07771e-05 0.000330703 0.000123213 3732.51 5921.64
872 1.10277e-05 0.000326337 0.000122181 3732.36 5921.61
873 1.03218e-05 0.00032176 0.000121135 3732.21 5921.58
874 9.15176e-06 0.000317452 0.000120071 3732.08 5921.56
875 9.27288e-06 0.000315701 0.000119042 3731.97 5921.54
876 9.19754e-06 0.000314358 0.000118111 3731.87 5921.51
877 8.79969e-06 0.000312987 0.00011722 3731.79 5921.48
878 8.24476e-06 0.000311774 0.000116351 3731.72 5921.44
879 7.55732e-06 0.000310815 0.000115519 3731.66 5921.39
880 7.29064e-06 0.000310207 0.000114745 3731.62 5921.33
881 7.35889e-06 0.000309603 0.000114055 3731.6 5921.26
882 7.20615e-06 0.000308626 0.000113419 3731.59 5921.18
883 6.82247e-06 0.000307569 0.000112787 3731.59 5921.08
884 6.21043e-06 0.000306643 0.000112185 3731.59 5920.96
885 5.99845e-06 0.000306058 0.000111834 3731.61 5920.84
886 5.7758e-06 0.000305474 0.00011152 3731.63 5920.7
887 5.34751e-06 0.000304921 0.00011122 3731.65 5920.56
888 4.81621e-06 0.000304603 0.00011092 3731.67 5920.4
889 4.72804e-06 0.000304641 0.000110639 3731.69 5920.24
890 4.94287e-06 0.000304554 0.000110398 3731.7 5920.07
891 5.15012e-06 0.000304072 0.000110148 3731.71 5919.9
892 5.20509e-06 0.000303289 0.000109829 3731.7 5919.73
893 5.08707e-06 0.000302377 0.000109424 3731.69 5919.57
894 4.94587e-06 0.000301483 0.000108946 3731.66 5919.41
895 5.20765e-06 0.000300626 0.000108422 3731.61 5919.26
896 5.31468e-06 0.000299492 0.00010787 3731.56 5919.11
897 5.26738e-06 0.000298235 0.000107263 3731.49 5918.97
898 5.06459e-06 0.00029697 0.000106606 3731.4 5918.85
899 4.70383e-06 0.000295805 0.000105918 3731.31 5918.73
900 4.63518e-06 0.000294861 0.000105223 3731.2 5918.62
901 4.62462e-06 0.000293903 0.000104546 3731.08 5918.52
902 4.5309e-06 0.000292891 0.000103875 3730.95 5918.43
903 4.98263e-06 0.000291896 0.000103196 3730.82 5918.35
904 5.42487e-06 0.000290431 0.000102511 3730.69 5918.28
905 5.39147e-06 0.000288603 0.000101772 3730.56 5918.23
906 5.11109e-06 0.000286749 0.000100968 3730.42 5918.18
907 5.71918e-06 0.000285023 0.000100132 3730.3 5918.13
908 5.61441e-06 0.000282924 9.92969e-05 3730.17 5918.09
909 4.90617e-06 0.000280878 9.86119e-05 3730.06 5918.05
910 4.97655e-06 0.00027924 9.7924e-05 3729.95 5918.02
911 4.99812e-06 0.000277518 9.72867e-05 3729.86 5917.98
912 4.68054e-06 0.000275756 9.66704e-05 3729.77 5917.94
913 4.27222e-06 0.000274172 9.60634e-05 3729.69 5917.9
914 3.8302e-06 0.000272832 9.54862e-05 3729.63 5917.85
915 3.92103e-06 0.000271766 9.49576e-05 3729.58 5917.8
916 3.9276e-06 0.00027049 9.44927e-05 3729.55 5917.74
917 3.78971e-06 0.000269105 9.40415e-05 3729.52 5917.67
918 3.48402e-06 0.000267732 9.3583e-05 3729.51 5917.59
919 3.30257e-06 0.000266271 9.31226e-05 3729.51 5917.51
920 3.24893e-06 0.000264702 9.26511e-05 3729.52 5917.43
921 3.07974e-06 0.000263329 9.21616e-05 3729.54 5917.34
922 3.21243e-06 0.000262598 9.16681e-05 3729.56 5917.25
923 3.33444e-06 0.000261774 9.11655e-05 3729.59 5917.15
924 3.45052e-06 0.000260866 9.06313e-05 3729.62 5917.06
925 3.63932e-06 0.000259875 9.00612e-05 3729.65 5916.97
926 3.81946e-06 0.000258798 8.94568e-05 3729.68 5916.87
927 3.98818e-06 0.000257601 8.88211e-05 3729.71 5916.79
928 4.22896e-06 0.000256222 8.81532e-05 3729.73 5916.7
929 4.47246e-06 0.00025464 8.74474e-05 3729.74 5916.62
930 4.7019e-06 0.000252875 8.67e-05 3729.73 5916.54
931 4.91272e-06 0.000250952 8.59129e-05 3729.72 5916.47
932 5.10003e-06 0.000248885 8.50816e-05 3729.7 5916.41
933 5.36784e-06 0.000246707 8.42161e-05 3729.66 5916.35
934 5.63667e-06 0.000244371 8.33262e-05 3729.61 5916.3
935 5.87682e-06 0.000241894 8.24162e-05 3729.54 5916.25
936 6.08115e-06 0.0002393 8.14914e-05 3729.47 5916.21
937 6.2422e-06 0.000236615 8.05604e-05 3729.38 5916.18
938 6.49362e-06 0.000233867 7.96274e-05 3729.29 5916.14
939 6.74693e-06 0.000231049 7.86968e-05 3729.19 5916.11
940 6.94647e-06 0.000228179 7.77674e-05 3729.08 5916.08
941 7.18266e-06 0.000225287 7.68369e-05 3728.97 5916.06
942 7.47356e-06 0.000231588 7.5908e-05 3728.86 5916.03
943 7.69708e-06 0.000238282 7.49901e-05 3728.74 5916
944 7.92132e-06 0.000242777 7.40784e-05 3728.63 5915.97
945 8.1722e-06 0.000244723 7.31659e-05 3728.53 5915.94
946 8.50445e-06 0.000254236 7.22479e-05 3728.42 5915.9
947 8.75035e-06 0.000261892 7.13206e-05 3728.33 5915.86
948 8.89817e-06 0.000266918 7.03798e-05 3728.24 5915.82
949 9.15242e-06 0.000269001 6.98662e-05 3728.16 5915.77
950 9.39102e-06 0.000276326 6.97367e-05 3728.09 5915.72
951 9.50517e-06 0.000290201 6.95831e-05 3728.02 5915.67
952 9.82774e-06 0.000300854 6.93939e-05 3727.97 5915.61
953 1.0018e-05 0.000307691 6.91616e-05 3727.93 5915.55
954 1.00557e-05 0.000310276 6.9102e-05 3727.9 5915.49
955 1.01777e-05 0.000308269 6.96323e-05 3727.89 5915.43
956 1.02818e-05 0.000306829 7.12543e-05 3727.88 5915.36
957 1.02069e-05 0.00031106 7.34905e-05 3727.88 5915.3
958 1.03582e-05 0.000317676 7.4582e-05 3727.89 5915.24
959 1.03268e-05 0.000318783 7.4442e-05 3727.91 5915.18
960 1.02409e-05 0.000320083 7.37676e-05 3727.94 5915.13
961 1.05286e-05 0.00032196 7.71386e-05 3727.97 5915.07
962 1.0618e-05 0.000325965 7.9228e-05 3728.01 5915.02
963 1.07213e-05 0.000325448 7.98966e-05 3728.05 5914.97
964 1.08471e-05 0.000323394 7.90628e-05 3728.09 5914.93
965 1.0807e-05 0.000327433 7.7085e-05 3728.13 5914.89
966 1.09486e-05 0.000334844 7.85408e-05 3728.17 5914.86
967 1.08545e-05 0.000335485 7.84458e-05 3728.21 5914.83
968 1.08761e-05 0.000339279 7.69381e-05 3728.24 5914.8
969 1.0796e-05 0.000339346 8.03598e-05 3728.26 5914.78
970 1.05214e-05 0.000332324 8.21743e-05 3728.28 5914.76
971 1.05001e-05 0.000323554 8.231e-05 3728.29 5914.75
972 1.05652e-05 0.000324184 8.07466e-05 3728.29 5914.73
973 1.07392e-05 0.000324297 7.75045e-05 3728.27 5914.72
974 1.07836e-05 0.000329456 7.75037e-05 3728.25 5914.71
975 1.08271e-05 0.000333608 7.77463e-05 3728.23 5914.7
976 1.08632e-05 0.000337769 7.67887e-05 3728.19 5914.69
977 1.06575e-05 0.000334558 7.95105e-05 3728.14 5914.68
978 1.06699e-05 0.000327441 8.05304e-05 3728.09 5914.67
979 1.04363e-05 0.000330185 7.98485e-05 3728.03 5914.65
980 1.04436e-05 0.000333019 7.74802e-05 3727.96 5914.63
981 1.02906e-05 0.000328402 7.73525e-05 3727.89 5914.61
982 1.03943e-05 0.000316562 7.82351e-05 3727.81 5914.59
983 1.05473e-05 0.000323921 7.73553e-05 3727.74 5914.56
984 1.04581e-05 0.000324753 7.67069e-05 3727.66 5914.52
985 1.05597e-05 0.000319915 7.65021e-05 3727.59 5914.49
986 1.04383e-05 0.00032573 7.63823e-05 3727.51 5914.45
987 1.05324e-05 0.000331641 7.50592e-05 3727.44 5914.4
988 1.03809e-05 0.0003302 7.48234e-05 3727.37 5914.36
989 1.02353e-05 0.000321649 7.64311e-05 3727.3 5914.31
990 1.00588e-05 0.000315376 7.63254e-05 3727.24 5914.26
991 1.00513e-05 0.000313467 7.64636e-05 3727.19 5914.21
992 1.02145e-05 0.000310409 7.58965e-05 3727.14 5914.16
993 1.02181e-05 0.000313085 7.37011e-05 3727.1 5914.12
994 1.03922e-05 0.000322598 7.46774e-05 3727.07 5914.07
995 1.03643e-05 0.000325151 7.56608e-05 3727.04 5914.02
996 1.03142e-05 0.000320892 7.4933e-05 3727.02 5913.98
997 1.0245e-05 0.000317091 7.38094e-05 3727.01 5913.93
998 1.0178e-05 0.000317932 7.45804e-05 3727 5913.9
999 1.00919e-05 0.00031815 7.49195e-05 3727 5913.86
1000 9.84096e-06 0.000311918 7.36621e-05 3727.01 5913.82
1001 1.00166e-05 0.000311265 7.49337e-05 3727.03 5913.79
1002 1.01328e-05 0.000313276 7.66371e-05 3727.05 5913.77
1003 1.01516e-05 0.000313909 7.66779e-05 3727.07 5913.74
1004 1.02205e-05 0.000311633 7.51003e-05 3727.1 5913.72
1005 1.02239e-05 0.000314476 7.33356e-05 3727.13 5913.7
1006 1.02647e-05 0.000318892 7.38095e-05 3727.16 5913.69
1007 1.00952e-05 0.000316605 7.27374e-05 3727.19 5913.68
1008 1.01e-05 0.000318418 7.31624e-05 3727.22 5913.66
1009 9.88347e-06 0.000314828 7.57812e-05 3727.25 5913.66
1010 9.81913e-06 0.000306365 7.6759e-05 3727.28 5913.65
1011 9.94745e-06 0.000301983 7.61609e-05 3727.3 5913.64
1012 9.99215e-06 0.000303352 7.40546e-05 3727.32 5913.63
1013 1.01842e-05 0.000311434 7.28765e-05 3727.33 5913.62
1014 1.01601e-05 0.000314199 7.36467e-05 3727.34 5913.61
1015 1.02251e-05 0.000317329 7.27911e-05 3727.34 5913.6
1016 1.01523e-05 0.000318584 7.29045e-05 3727.33 5913.59
1017 1.01341e-05 0.000313348 7.49982e-05 3727.32 5913.57
1018 1.00371e-05 0.00031164 7.55406e-05 3727.3 5913.55
1019 9.8913e-06 0.000314754 7.45823e-05 3727.27 5913.53
1020 9.80662e-06 0.000313813 7.29469e-05 3727.24 5913.51
1021 9.95612e-06 0.000306292 7.4664e-05 3727.21 5913.48
1022 1.00479e-05 0.000306637 7.48087e-05 3727.17 5913.45
1023 1.01403e-05 0.000313172 7.3403e-05 3727.12 5913.42
1024 1.01513e-05 0.000313467 7.27841e-05 3727.08 5913.39
1025 1.02105e-05 0.000312316 7.29212e-05 3727.03 5913.36
1026 1.01071e-05 0.000316506 7.32608e-05 3726.98 5913.32
1027 1.0122e-05 0.000320267 7.22e-05 3726.93 5913.29
1028 9.92406e-06 0.000317537 7.34984e-05 3726.88 5913.25
1029 9.88678e-06 0.000308436 7.47444e-05 3726.83 5913.22
1030 9.82294e-06 0.000303918 7.4474e-05 3726.78 5913.19
1031 9.89374e-06 0.000304328 7.41989e-05 3726.74 5913.16
1032 1.00746e-05 0.000304564 7.36328e-05 3726.69 5913.13
1033 1.00986e-05 0.00030789 7.15629e-05 3726.65 5913.1
1034 1.01813e-05 0.00031689 7.2005e-05 3726.62 5913.07
1035 1.01496e-05 0.000319611 7.25705e-05 3726.58 5913.05
1036 1.01277e-05 0.000316079 7.2497e-05 3726.56 5913.03
1037 1.00615e-05 0.000311834 7.35031e-05 3726.53 5913.02
1038 9.92059e-06 0.000311983 7.33678e-05 3726.51 5913
1039 9.81877e-06 0.000311956 7.40163e-05 3726.5 5912.99
1040 9.82694e-06 0.000305603 7.31911e-05 3726.49 5912.98
1041 9.91285e-06 0.000303181 7.27391e-05 3726.49 5912.98
1042 1.00646e-05 0.000311664 7.43537e-05 3726.49 5912.97
1043 1.00469e-05 0.000314139 7.44667e-05 3726.49 5912.97
1044 1.01572e-05 0.000310699 7.30843e-05 3726.5 5912.97
1045 1.00614e-05 0.000310431 7.12759e-05 3726.51 5912.98
1046 1.00941e-05 0.000315725 7.21673e-05 3726.53 5912.98
1047 9.94667e-06 0.000314739 7.27103e-05 3726.54 5912.98
1048 9.93357e-06 0.000311583 7.18482e-05 3726.56 5912.98
1049 9.74124e-06 0.000308886 7.38043e-05 3726.58 5912.99
1050 9.80955e-06 0.000302364 7.51121e-05 3726.61 5912.99
1051 9.92672e-06 0.000305387 7.49502e-05 3726.63 5912.99
1052 1.00263e-05 0.000304513 7.33447e-05 3726.65 5912.98
1053 1.00541e-05 0.000309145 7.10117e-05 3726.67 5912.98
1054 1.00935e-05 0.000314151 7.17875e-05 3726.69 5912.97
1055 1.00776e-05 0.000313079 7.11061e-05 3726.71 5912.95
1056 1.00634e-05 0.00031404 7.0789e-05 3726.72 5912.94
1057 9.91334e-06 0.000310875 7.34171e-05 3726.73 5912.92
1058 9.85883e-06 0.000308954 7.45962e-05 3726.73 5912.89
1059 9.71786e-06 0.000306546 7.43474e-05 3726.74 5912.87
1060 9.77301e-06 0.000306648 7.27149e-05 3726.74 5912.84
1061 9.91054e-06 0.000303056 7.27607e-05 3726.73 5912.81
1062 9.95522e-06 0.000308435 7.32767e-05 3726.72 5912.77
1063 1.00692e-05 0.000308946 7.23591e-05 3726.71 5912.74
1064 1.00476e-05 0.000311997 7.1012e-05 3726.69 5912.7
1065 1.0044e-05 0.000309742 7.18645e-05 3726.67 5912.66
1066 9.97056e-06 0.000311047 7.3096e-05 3726.65 5912.63
1067 9.98254e-06 0.00031303 7.29655e-05 3726.63 5912.59
1068 9.84927e-06 0.00031251 7.15249e-05 3726.6 5912.55
1069 9.73231e-06 0.000306046 7.3116e-05 3726.57 5912.52
1070 9.72161e-06 0.000302886 7.35218e-05 3726.54 5912.48
1071 9.91444e-06 0.000302471 7.25362e-05 3726.51 5912.45
1072 9.90966e-06 0.000306312 7.21721e-05 3726.48 5912.42
1073 1.00147e-05 0.000307204 7.0665e-05 3726.46 5912.39
1074 1.00218e-05 0.000309021 7.0812e-05 3726.43 5912.37
1075 1.0082e-05 0.000314346 7.09679e-05 3726.4 5912.34
1076 9.9489e-06 0.000313988 7.04889e-05 3726.37 5912.33
1077 9.96311e-06 0.000310619 7.23276e-05 3726.35 5912.31
1078 9.84875e-06 0.000308294 7.28013e-05 3726.33 5912.3
1079 9.81282e-06 0.000309062 7.23792e-05 3726.31 5912.29
1080 9.68412e-06 0.000305254 7.22568e-05 3726.29 5912.28
1081 9.84799e-06 0.00030253 7.18067e-05 3726.27 5912.28
1082 9.96716e-06 0.000305046 7.22481e-05 3726.26 5912.28
1083 1.00351e-05 0.000311169 7.27878e-05 3726.25 5912.29
1084 1.00247e-05 0.000311636 7.19138e-05 3726.24 5912.29
1085 1.00387e-05 0.000311464 7.058e-05 3726.24 5912.3
1086 1.00555e-05 0.000311542 7.12627e-05 3726.24 5912.31
1087 1.00015e-05 0.000313648 7.14538e-05 3726.24 5912.32
1088 9.90512e-06 0.000310632 7.1477e-05 3726.24 5912.34
1089 9.80899e-06 0.000310839 7.17923e-05 3726.24 5912.35
1090 9.76039e-06 0.000305065 7.3021e-05 3726.25 5912.36
1091 9.85844e-06 0.000304048 7.35061e-05 3726.26 5912.37
1092 9.93135e-06 0.000305844 7.26038e-05 3726.27 5912.38
1093 9.9703e-06 0.000307931 7.1293e-05 3726.28 5912.39
1094 1.00966e-05 0.00031104 7.14522e-05 3726.29 5912.4
1095 1.00457e-05 0.000313638 7.12511e-05 3726.31 5912.4
1096 1.00706e-05 0.000314178 6.99285e-05 3726.32 5912.4
1097 9.96452e-06 0.000314506 7.07874e-05 3726.33 5912.4
1098 9.98194e-06 0.000310567 7.26348e-05 3726.34 5912.39
1099 9.81202e-06 0.000309073 7.31898e-05 3726.35 5912.39
1100 9.74925e-06 0.000309817 7.23867e-05 3726.36 5912.37
1101 9.82402e-06 0.000306623 7.19042e-05 3726.37 5912.36
1102 9.99362e-06 0.000306141 7.29165e-05 3726.37 5912.34
1103 9.97394e-06 0.000309739 7.26238e-05 3726.37 5912.32
1104 1.00848e-05 0.000313072 7.17366e-05 3726.37 5912.3
1105 1.00852e-05 0.000314125 7.11285e-05 3726.37 5912.28
1106 1.0112e-05 0.000313297 7.1262e-05 3726.37 5912.26
1107 1.00119e-05 0.000313443 7.20139e-05 3726.36 5912.23
1108 9.98709e-06 0.000316097 7.1462e-05 3726.35 5912.21
1109 9.85638e-06 0.000312692 7.21099e-05 3726.34 5912.18
1110 9.77112e-06 0.00030745 7.32173e-05 3726.33 5912.16
1111 9.82213e-06 0.000303078 7.29461e-05 3726.32 5912.13
1112 9.9636e-06 0.000307875 7.29454e-05 3726.31 5912.11
1113 1.00659e-05 0.000310124 7.22778e-05 3726.29 5912.09
1114 1.01029e-05 0.000311711 7.12806e-05 3726.28 5912.07
1115 1.0109e-05 0.000314957 7.10157e-05 3726.26 5912.05
1116 1.00847e-05 0.000317954 7.09748e-05 3726.24 5912.03
1117 1.00663e-05 0.000314993 7.13278e-05 3726.23 5912.02
1118 9.96289e-06 0.000312629 7.25553e-05 3726.21 5912
1119 9.87373e-06 0.00031181 7.24346e-05 3726.2 5911.99
1120 9.7241e-06 0.000310507 7.30888e-05 3726.18 5911.98
1121 9.91246e-06 0.000303617 7.24677e-05 3726.17 5911.98
1122 9.97826e-06 0.000306445 7.22044e-05 3726.15 5911.97
1123 1.0059e-05 0.000312135 7.28393e-05 3726.14 5911.97
1124 1.00601e-05 0.000315964 7.2659e-05 3726.13 5911.97
1125 1.01373e-05 0.000314034 7.10604e-05 3726.12 5911.98
1126 1.00365e-05 0.000313966 7.10695e-05 3726.11 5911.98
1127 1.00471e-05 0.00031614 7.14736e-05 3726.11 5911.99
1128 9.90617e-06 0.000314899 7.23737e-05 3726.1 5911.99
1129 9.86706e-06 0.000311018 7.19448e-05 3726.1 5912
1130 9.75834e-06 0.000307615 7.23537e-05 3726.09 5912.01
1131 9.89199e-06 0.000305651 7.35568e-05 3726.09 5912.01
1132 9.97322e-06 0.000310801 7.33733e-05 3726.09 5912.02
1133 1.00888e-05 0.00031042 7.17952e-05 3726.1 5912.02
1134 1.00368e-05 0.000312075 7.08652e-05 3726.1 5912.03
1135 1.01007e-05 0.000316641 7.11445e-05 3726.1 5912.03
1136 1.00609e-05 0.000316097 7.09433e-05 3726.11 5912.03
1137 1.00137e-05 0.000314654 7.09941e-05 3726.11 5912.03
1138 9.90343e-06 0.000311518 7.21008e-05 3726.12 5912.03
1139 9.80519e-06 0.000310876 7.33857e-05 3726.13 5912.02
1140 9.78314e-06 0.000306222 7.33143e-05 3726.13 5912.02
1141 9.9379e-06 0.000304639 7.18916e-05 3726.14 5912.01
1142 9.95007e-06 0.000307345 7.22684e-05 3726.14 5911.99
1143 1.00413e-05 0.000313741 7.24904e-05 3726.15 5911.98
1144 1.00947e-05 0.000314456 7.132e-05 3726.15 5911.97
1145 1.00626e-05 0.000314983 7.00174e-05 3726.16 5911.95
1146 1.00301e-05 0.000313502 7.0953e-05 3726.16 5911.93
1147 9.94047e-06 0.000314337 7.24505e-05 3726.16 5911.91
1148 9.91798e-06 0.000312279 7.26315e-05 3726.16 5911.89
1149 9.73903e-06 0.000310695 7.15715e-05 3726.16 5911.87
1150 9.75715e-06 0.000306258 7.27343e-05 3726.16 5911.85
1151 9.89101e-06 0.000307843 7.30221e-05 3726.16 5911.84
1152 1.00236e-05 0.000310333 7.19507e-05 3726.16 5911.82
1153 1.00256e-05 0.000312414 7.12138e-05 3726.15 5911.8
1154 1.00527e-05 0.000313201 7.0822e-05 3726.15 5911.78
1155 1.00304e-05 0.000315035 7.08358e-05 3726.14 5911.77
1156 1.00461e-05 0.000315089 7.1401e-05 3726.14 5911.75
1157 9.91999e-06 0.000314116 7.07352e-05 3726.13 5911.74
1158 9.88808e-06 0.000312097 7.2416e-05 3726.12 5911.73
1159 9.79071e-06 0.000308503 7.28919e-05 3726.12 5911.72
1160 9.84964e-06 0.000307538 7.20362e-05 3726.11 5911.72
1161 9.90455e-06 0.000307031 7.17127e-05 3726.1 5911.71
1162 9.97192e-06 0.00030958 7.19685e-05 3726.09 5911.71
1163 1.00346e-05 0.000312917 7.1239e-05 3726.08 5911.71
1164 1.00757e-05 0.000314719 7.11007e-05 3726.08 5911.71
1165 1.00152e-05 0.000314861 7.01796e-05 3726.07 5911.72
1166 1.00022e-05 0.000314798 7.13283e-05 3726.06 5911.72
1167 9.98679e-06 0.000312503 7.21209e-05 3726.06 5911.73
1168 9.86193e-06 0.000312863 7.16127e-05 3726.05 5911.74
1169 9.80467e-06 0.000309954 7.15809e-05 3726.04 5911.75
1170 9.79364e-06 0.000307839 7.23388e-05 3726.04 5911.76
1171 9.93121e-06 0.000307997 7.18979e-05 3726.03 5911.77
1172 1.00137e-05 0.000311297 7.20515e-05 3726.03 5911.78
1173 1.00035e-05 0.000313013 7.10906e-05 3726.03 5911.79
1174 1.0022e-05 0.000314562 7.07059e-05 3726.02 5911.8
1175 1.00828e-05 0.000314281 7.07213e-05 3726.02 5911.8
1176 9.97489e-06 0.000315422 7.06887e-05 3726.02 5911.81
1177 9.98044e-06 0.000314651 7.10159e-05 3726.02 5911.81
1178 9.88431e-06 0.000312969 7.20281e-05 3726.02 5911.82
1179 9.81097e-06 0.000310024 7.19833e-05 3726.02 5911.82
1180 9.86171e-06 0.000306091 7.23034e-05 3726.03 5911.82
1181 9.89085e-06 0.000308613 7.19405e-05 3726.03 5911.81
1182 9.96623e-06 0.000311429 7.16359e-05 3726.03 5911.81
1183 1.00801e-05 0.000312825 7.15636e-05 3726.03 5911.8
1184 1.00075e-05 0.000315238 7.06845e-05 3726.04 5911.79
1185 1.00572e-05 0.000316215 7.05187e-05 3726.04 5911.78
1186 1.0044e-05 0.000315529 7.10564e-05 3726.05 5911.77
1187 9.97565e-06 0.000314361 7.13495e-05 3726.05 5911.75
1188 9.90005e-06 0.000312752 7.19356e-05 3726.06 5911.74
1189 9.7774e-06 0.000312322 7.20436e-05 3726.06 5911.72
1190 9.81673e-06 0.000306101 7.19307e-05 3726.06 5911.71
1191 9.98255e-06 0.000308213 7.22345e-05 3726.07 5911.69
1192 9.96181e-06 0.000312386 7.16868e-05 3726.07 5911.67
1193 1.00412e-05 0.000314737 7.1681e-05 3726.07 5911.66
1194 1.01013e-05 0.000315547 7.03247e-05 3726.08 5911.64
1195 1.00568e-05 0.000315828 7.07226e-05 3726.08 5911.63
1196 1.00348e-05 0.000316199 7.09648e-05 3726.08 5911.61
1197 9.93685e-06 0.000316425 7.14663e-05 3726.08 5911.6
1198 9.91108e-06 0.000312046 7.16638e-05 3726.08 5911.59
1199 9.79023e-06 0.000309619 7.22319e-05 3726.07 5911.58
1200 9.83776e-06 0.000308681 7.22097e-05 3726.07 5911.57
1201 9.93611e-06 0.000310269 7.23375e-05 3726.07 5911.56
1202 1.00597e-05 0.000312999 7.14182e-05 3726.07 5911.56
1203 1.00566e-05 0.000314534 7.09552e-05 3726.06 5911.55
1204 1.00756e-05 0.000316529 7.12575e-05 3726.06 5911.55
1205 1.00585e-05 0.000317926 7.06425e-05 3726.05 5911.55
1206 1.00456e-05 0.000315338 7.0831e-05 3726.04 5911.56
1207 9.93704e-06 0.000313647 7.16129e-05 3726.04 5911.56
1208 9.87337e-06 0.00031456 7.20276e-05 3726.03 5911.56
1209 9.77456e-06 0.000309966 7.23866e-05 3726.02 5911.57
1210 9.92333e-06 0.000307771 7.18437e-05 3726.01 5911.58
1211 9.97627e-06 0.000310439 7.197e-05 3726.01 5911.59
1212 1.00246e-05 0.000313812 7.23427e-05 3726 5911.6
1213 1.00803e-05 0.000316826 7.13574e-05 3725.99 5911.61
1214 1.00981e-05 0.000315813 7.06216e-05 3725.99 5911.62
1215 1.00402e-05 0.00031575 7.11158e-05 3725.98 5911.62
1216 9.99425e-06 0.000317812 7.12485e-05 3725.97 5911.63
1217 9.9665e-06 0.000314109 7.18719e-05 3725.97 5911.64
1218 9.79888e-06 0.000312639 7.16377e-05 3725.96 5911.65
1219 9.81413e-06 0.000310163 7.22338e-05 3725.96 5911.65
1220 9.88926e-06 0.000308134 7.27807e-05 3725.95 5911.66
1221 1.00072e-05 0.000313156 7.19864e-05 3725.95 5911.66
1222 1.00725e-05 0.000313549 7.10891e-05 3725.95 5911.66
1223 1.00554e-05 0.000315175 7.14984e-05 3725.95 5911.66
1224 1.00447e-05 0.000318566 7.11474e-05 3725.95 5911.66
1225 1.00814e-05 0.000316312 7.07936e-05 3725.95 5911.66
1226 9.94122e-06 0.000316084 7.0924e-05 3725.95 5911.65
1227 9.92259e-06 0.0003154 7.18387e-05 3725.95 5911.64
1228 9.83033e-06 0.000312315 7.2661e-05 3725.95 5911.63
1229 9.83546e-06 0.000309795 7.2166e-05 3725.96 5911.62
1230 9.96644e-06 0.000308938 7.16955e-05 3725.96 5911.61
1231 9.98352e-06 0.000311834 7.24227e-05 3725.97 5911.6
1232 1.00364e-05 0.000316732 7.179e-05 3725.97 5911.59
1233 1.01162e-05 0.000316388 7.05189e-05 3725.98 5911.57
1234 1.00243e-05 0.000317274 7.10317e-05 3725.98 5911.56
1235 1.00292e-05 0.000318107 7.15532e-05 3725.99 5911.55
1236 1.00036e-05 0.000316125 7.19665e-05 3725.99 5911.54
1237 9.87773e-06 0.00031494 7.18849e-05 3726 5911.52
1238 9.79876e-06 0.000311441 7.18018e-05 3726.01 5911.51
1239 9.82128e-06 0.000309005 7.27375e-05 3726.01 5911.5
1240 9.93545e-06 0.000312138 7.23453e-05 3726.02 5911.49
1241 1.00704e-05 0.000314118 7.14029e-05 3726.02 5911.48
1242 1.00202e-05 0.000316077 7.13882e-05 3726.02 5911.48
1243 1.00645e-05 0.000318258 7.13096e-05 3726.02 5911.47
1244 1.01013e-05 0.000317898 7.09071e-05 3726.03 5911.47
1245 1.00044e-05 0.000317969 7.11021e-05 3726.03 5911.46
1246 9.96186e-06 0.000316105 7.133e-05 3726.03 5911.46
1247 9.87794e-06 0.000314442 7.24751e-05 3726.02 5911.46
1248 9.77711e-06 0.000311694 7.24249e-05 3726.02 5911.46
1249 9.93482e-06 0.000309048 7.17473e-05 3726.02 5911.47
1250 9.95537e-06 0.000312136 7.21852e-05 3726.02 5911.47
1251 1.00199e-05 0.000315601 7.18864e-05 3726.01 5911.47
1252 1.01154e-05 0.000317285 7.09607e-05 3726.01 5911.48
1253 1.00642e-05 0.000318528 7.06567e-05 3726 5911.49
1254 1.00513e-05 0.000318158 7.15261e-05 3726 5911.49
1255 1.00309e-05 0.000317782 7.1603e-05 3725.99 5911.5
1256 9.94669e-06 0.000316371 7.1992e-05 3725.98 5911.51
1257 9.8512e-06 0.000312983 7.15521e-05 3725.98 5911.52
1258 9.80407e-06 0.000311727 7.23564e-05 3725.97 5911.53
1259 9.89068e-06 0.000309864 7.23355e-05 3725.97 5911.53
1260 1.00404e-05 0.000313942 7.17022e-05 3725.96 5911.54
1261 1.0051e-05 0.000316394 7.13703e-05 3725.95 5911.55
1262 1.00641e-05 0.000317473 7.11672e-05 3725.95 5911.55
1263 1.01047e-05 0.000318847 7.11133e-05 3725.95 5911.56
1264 1.0055e-05 0.000318713 7.11392e-05 3725.94 5911.56
1265 9.99278e-06 0.000316867 7.13603e-05 3725.94 5911.56
1266 9.91514e-06 0.000316555 7.19342e-05 3725.94 5911.56
1267 9.84774e-06 0.00031303 7.228e-05 3725.94 5911.56
1268 9.86644e-06 0.000309511 7.18953e-05 3725.93 5911.56
1269 9.95543e-06 0.000311262 7.19883e-05 3725.93 5911.55
1270 9.99431e-06 0.00031382 7.20007e-05 3725.93 5911.55
1271 1.00923e-05 0.00031732 7.11416e-05 3725.94 5911.54
1272 1.0094e-05 0.000318475 7.07882e-05 3725.94 5911.54
1273 1.00611e-05 0.000318125 7.13802e-05 3725.94 5911.53
1274 1.0045e-05 0.000319246 7.13384e-05 3725.94 5911.52
1275 1.00002e-05 0.000317058 7.16595e-05 3725.95 5911.51
1276 9.89126e-06 0.000314517 7.15383e-05 3725.95 5911.5
1277 9.78112e-06 0.000314092 7.20082e-05 3725.96 5911.49
1278 9.83554e-06 0.000308615 7.23198e-05 3725.96 5911.48
1279 9.9886e-06 0.000312902 7.17416e-05 3725.97 5911.47
1280 1.00585e-05 0.000315472 7.1498e-05 3725.97 5911.47
1281 1.00551e-05 0.000317121 7.15593e-05 3725.98 5911.46
1282 1.00985e-05 0.000319651 7.11601e-05 3725.98 5911.45
1283 1.00948e-05 0.000318805 7.12699e-05 3725.99 5911.44
1284 1.0017e-05 0.000317822 7.14553e-05 3725.99 5911.44
1285 9.94443e-06 0.000318462 7.14149e-05 3726 5911.43
1286 9.90952e-06 0.000314357 7.21313e-05 3726 5911.43
1287 9.78282e-06 0.000311897 7.18144e-05 3726 5911.42
1288 9.93411e-06 0.000310238 7.19634e-05 3726.01 5911.42
1289 9.96214e-06 0.000313495 7.22749e-05 3726.01 5911.42
1290 1.0061e-05 0.000317303 7.12688e-05 3726.01 5911.42
1291 1.01165e-05 0.000317875 7.07547e-05 3726.01 5911.42
1292 1.00696e-05 0.000318889 7.1308e-05 3726.01 5911.42
1293 1.00562e-05 0.000320618 7.16047e-05 3726.01 5911.42
1294 1.00509e-05 0.000317849 7.13511e-05 3726.01 5911.42
1295 9.92466e-06 0.000316601 7.13284e-05 3726 5911.43
1296 9.84683e-06 0.000316043 7.18198e-05 3726 5911.43
1297 9.77443e-06 0.000311366 7.24624e-05 3726 5911.43
1298 9.92979e-06 0.000311782 7.18272e-05 3725.99 5911.44
1299 1.00575e-05 0.000314447 7.16318e-05 3725.99 5911.45
1300 1.00411e-05 0.000317325 7.19514e-05 3725.98 5911.45
1301 1.0084e-05 0.000320281 7.12628e-05 3725.98 5911.46
1302 1.01284e-05 0.000319441 7.12412e-05 3725.97 5911.46
1303 1.00344e-05 0.000319373 7.15667e-05 3725.97 5911.47
1304 9.9877e-06 0.000319887 7.17999e-05 3725.96 5911.47
1305 9.96266e-06 0.000316543 7.21197e-05 3725.96 5911.47
1306 9.78725e-06 0.000314337 7.19402e-05 3725.95 5911.48
1307 9.89592e-06 0.000312071 7.19236e-05 3725.95 5911.48
1308 9.93105e-06 0.000312575 7.25259e-05 3725.95 5911.48
1309 1.00205e-05 0.000316951 7.18236e-05 3725.94 5911.48
1310 1.01284e-05 0.000318612 7.08865e-05 3725.94 5911.48
1311 1.0066e-05 0.000319689 7.12321e-05 3725.94 5911.48
1312 1.00662e-05 0.000321374 7.18596e-05 3725.93 5911.48
1313 1.00893e-05 0.000319856 7.13593e-05 3725.93 5911.48
1314 9.94808e-06 0.000318596 7.14846e-05 3725.93 5911.48
1315 9.89956e-06 0.000317427 7.1616e-05 3725.93 5911.47
1316 9.83041e-06 0.000313824 7.25686e-05 3725.93 5911.47
1317 9.85814e-06 0.000310805 7.22609e-05 3725.93 5911.47
1318 1.00362e-05 0.000314616 7.15763e-05 3725.93 5911.46
1319 1.00376e-05 0.000317111 7.21431e-05 3725.93 5911.46
1320 1.00727e-05 0.000320137 7.13873e-05 3725.93 5911.45
1321 1.01464e-05 0.000320862 7.12007e-05 3725.93 5911.44
1322 1.00487e-05 0.000320673 7.15514e-05 3725.94 5911.44
1323 1.00257e-05 0.000320665 7.20747e-05 3725.94 5911.43
1324 1.00039e-05 0.000318554 7.20178e-05 3725.94 5911.43
1325 9.84724e-06 0.000316472 7.21921e-05 3725.95 5911.42
1326 9.83587e-06 0.000313664 7.16985e-05 3725.95 5911.42
1327 9.93058e-06 0.000311038 7.25762e-05 3725.95 5911.41
1328 9.99111e-06 0.000315664 7.21621e-05 3725.96 5911.41
1329 1.0118e-05 0.000318964 7.11295e-05 3725.96 5911.41
1330 1.00894e-05 0.000320086 7.13269e-05 3725.96 5911.4
1331 1.00859e-05 0.000321384 7.19582e-05 3725.97 5911.4
1332 1.01136e-05 0.000321226 7.16542e-05 3725.97 5911.4
1333 9.99823e-06 0.00032016 7.15041e-05 3725.97 5911.4
1334 9.94029e-06 0.00031851 7.18672e-05 3725.97 5911.4
1335 9.87603e-06 0.000315887 7.24536e-05 3725.98 5911.4
1336 9.80632e-06 0.000312836 7.24527e-05 3725.98 5911.4
1337 9.99124e-06 0.000313583 7.16366e-05 3725.98 5911.4
1338 1.00458e-05 0.000316346 7.21646e-05 3725.98 5911.4
1339 1.00671e-05 0.000319161 7.16405e-05 3725.98 5911.4
1340 1.01474e-05 0.000321338 7.14142e-05 3725.98 5911.41
1341 1.00903e-05 0.00032148 7.14313e-05 3725.98 5911.41
1342 1.00509e-05 0.000321095 7.21743e-05 3725.98 5911.41
1343 1.00348e-05 0.00032011 7.1687e-05 3725.98 5911.41
1344 9.90507e-06 0.00031805 7.21971e-05 3725.98 5911.42
1345 9.81655e-06 0.000315154 7.16314e-05 3725.98 5911.42
1346 9.89617e-06 0.000312126 7.24608e-05 3725.97 5911.42
1347 9.95573e-06 0.000313564 7.2302e-05 3725.97 5911.43
1348 1.00905e-05 0.000318344 7.13543e-05 3725.97 5911.43
1349 1.01083e-05 0.00031998 7.14293e-05 3725.97 5911.43
1350 1.00935e-05 0.000321053 7.18756e-05 3725.97 5911.43
1351 1.01282e-05 0.000322139 7.18672e-05 3725.96 5911.43
1352 1.00453e-05 0.000321195 7.16727e-05 3725.96 5911.44
1353 9.97408e-06 0.000319501 7.20088e-05 3725.96 5911.44
1354 9.91462e-06 0.000317778 7.21721e-05 3725.96 5911.44
1355 9.77486e-06 0.000314449 7.24567e-05 3725.95 5911.44
1356 9.93192e-06 0.000311603 7.17452e-05 3725.95 5911.44
1357 1.0034e-05 0.000315088 7.21542e-05 3725.95 5911.44
1358 1.0051e-05 0.000317988 7.18374e-05 3725.95 5911.44
1359 1.01388e-05 0.000321396 7.14274e-05 3725.95 5911.43
1360 1.01213e-05 0.000321818 7.14975e-05 3725.95 5911.43
1361 1.00728e-05 0.000321492 7.21712e-05 3725.94 5911.43
1362 1.00613e-05 0.000321553 7.19346e-05 3725.94 5911.43
1363 9.95726e-06 0.000319282 7.20269e-05 3725.94 5911.42
1364 9.85806e-06 0.000316568 7.16219e-05 3725.94 5911.42
1365 9.84304e-06 0.000314239 7.23159e-05 3725.94 5911.42
1366 9.90879e-06 0.000312061 7.23895e-05 3725.94 5911.42
1367 1.00555e-05 0.00031727 7.15016e-05 3725.94 5911.41
1368 1.01163e-05 0.000319376 7.15858e-05 3725.94 5911.41
1369 1.00957e-05 0.000320836 7.16961e-05 3725.94 5911.41
1370 1.01363e-05 0.0003229 7.19616e-05 3725.94 5911.4
1371 1.0086e-05 0.000321878 7.18192e-05 3725.94 5911.4
1372 1.00062e-05 0.000320426 7.21408e-05 3725.94 5911.4
1373 9.95026e-06 0.000319566 7.18589e-05 3725.94 5911.4
1374 9.82987e-06 0.00031597 7.24104e-05 3725.95 5911.4
1375 9.86138e-06 0.000312224 7.17712e-05 3725.95 5911.4
1376 1.00065e-05 0.000313277 7.21876e-05 3725.95 5911.39
1377 1.00273e-05 0.000317541 7.20671e-05 3725.95 5911.39
1378 1.01233e-05 0.000321208 7.13061e-05 3725.95 5911.39
1379 1.01433e-05 0.000321722 7.14775e-05 3725.95 5911.39
1380 1.00889e-05 0.000321789 7.21465e-05 3725.95 5911.39
1381 1.0083e-05 0.0003228 7.21485e-05 3725.96 5911.39
1382 1.00037e-05 0.000320341 7.17749e-05 3725.96 5911.39
1383 9.89465e-06 0.000317747 7.1789e-05 3725.96 5911.39
1384 9.7984e-06 0.000316101 7.2201e-05 3725.96 5911.4
1385 9.85251e-06 0.000311452 7.25008e-05 3725.96 5911.4
1386 1.0013e-05 0.000315909 7.15499e-05 3725.96 5911.4
1387 1.01125e-05 0.000318376 7.175e-05 3725.96 5911.4
1388 1.00927e-05 0.000321028 7.148e-05 3725.96 5911.4
1389 1.01392e-05 0.000323456 7.20091e-05 3725.96 5911.4
1390 1.01214e-05 0.000322388 7.1875e-05 3725.96 5911.41
1391 1.00347e-05 0.000321137 7.22668e-05 3725.96 5911.41
1392 9.98391e-06 0.000321132 7.2023e-05 3725.96 5911.41
1393 9.88286e-06 0.000317514 7.23801e-05 3725.96 5911.41
1394 9.78257e-06 0.000313685 7.19488e-05 3725.96 5911.41
1395 9.96921e-06 0.000311836 7.22274e-05 3725.96 5911.41
1396 9.99763e-06 0.000316551 7.23076e-05 3725.96 5911.41
1397 1.01039e-05 0.000320794 7.11396e-05 3725.96 5911.41
1398 1.01609e-05 0.000321599 7.13606e-05 3725.96 5911.41
1399 1.01024e-05 0.000322659 7.21211e-05 3725.96 5911.42
1400 1.01019e-05 0.000323855 7.2359e-05 3725.96 5911.42
1401 1.00498e-05 0.000321463 7.1887e-05 3725.96 5911.41
1402 9.93324e-06 0.000318994 7.20219e-05 3725.96 5911.41
1403 9.84271e-06 0.000317891 7.20986e-05 3725.96 5911.41
1404 9.81483e-06 0.000313358 7.26269e-05 3725.96 5911.41
1405 9.96187e-06 0.000314202 7.1904e-05 3725.96 5911.41
1406 1.00985e-05 0.00031799 7.18798e-05 3725.95 5911.41
1407 1.00825e-05 0.000320873 7.17433e-05 3725.95 5911.41
1408 1.01374e-05 0.000323673 7.2026e-05 3725.95 5911.41
1409 1.01516e-05 0.000322855 7.18746e-05 3725.95 5911.4
1410 1.00594e-05 0.000322564 7.2357e-05 3725.95 5911.4
1411 1.0016e-05 0.000322472 7.23162e-05 3725.95 5911.4
1412 9.93397e-06 0.000319029 7.23198e-05 3725.95 5911.4
1413 9.79204e-06 0.000315481 7.21528e-05 3725.95 5911.4
1414 9.91761e-06 0.000313353 7.22182e-05 3725.95 5911.39
1415 9.98035e-06 0.000315059 7.24911e-05 3725.95 5911.39
1416 1.00754e-05 0.000319907 7.14927e-05 3725.95 5911.39
1417 1.01657e-05 0.000321934 7.1154e-05 3725.95 5911.39
1418 1.0108e-05 0.000323241 7.20252e-05 3725.95 5911.39
1419 1.01151e-05 0.000324527 7.24908e-05 3725.95 5911.39
1420 1.0089e-05 0.000322413 7.20058e-05 3725.95 5911.39
1421 9.96745e-06 0.000320776 7.21862e-05 3725.95 5911.38
1422 9.88414e-06 0.000319495 7.19162e-05 3725.95 5911.38
1423 9.77806e-06 0.000315093 7.26641e-05 3725.95 5911.38
1424 9.89981e-06 0.000311919 7.21611e-05 3725.95 5911.38
1425 1.00721e-05 0.000316979 7.19394e-05 3725.95 5911.38
1426 1.00765e-05 0.000320348 7.19575e-05 3725.95 5911.38
1427 1.01292e-05 0.000323435 7.1949e-05 3725.95 5911.38
1428 1.01742e-05 0.00032373 7.18236e-05 3725.95 5911.38
1429 1.00797e-05 0.000323737 7.23734e-05 3725.95 5911.39
1430 1.00441e-05 0.000323605 7.25278e-05 3725.95 5911.39
1431 9.98191e-06 0.000320379 7.21591e-05 3725.96 5911.39
1432 9.83654e-06 0.000317495 7.22469e-05 3725.96 5911.39
1433 9.85072e-06 0.000315286 7.21409e-05 3725.96 5911.39
1434 9.95318e-06 0.000313106 7.25945e-05 3725.96 5911.39
1435 1.00388e-05 0.000318509 7.17865e-05 3725.96 5911.39
1436 1.01605e-05 0.000321703 7.13084e-05 3725.96 5911.39
1437 1.0108e-05 0.000323504 7.18422e-05 3725.96 5911.4
1438 1.01256e-05 0.000324938 7.25293e-05 3725.96 5911.4
1439 1.01249e-05 0.000323536 7.21048e-05 3725.96 5911.4
1440 1.00014e-05 0.000322356 7.23119e-05 3725.96 5911.4
1441 9.92634e-06 0.000321089 7.21656e-05 3725.96 5911.4
1442 9.83269e-06 0.000316761 7.26102e-05 3725.96 5911.4
1443 9.8264e-06 0.000312785 7.23281e-05 3725.96 5911.4
1444 1.00334e-05 0.000315327 7.19809e-05 3725.96 5911.4
1445 1.00753e-05 0.000319396 7.21504e-05 3725.96 5911.4
1446 1.0115e-05 0.00032284 7.17661e-05 3725.96 5911.41
1447 1.01881e-05 0.000324197 7.18565e-05 3725.96 5911.41
1448 1.00967e-05 0.000324584 7.2333e-05 3725.96 5911.41
1449 1.00698e-05 0.000324612 7.26757e-05 3725.96 5911.41
1450 1.00269e-05 0.000321611 7.19924e-05 3725.96 5911.4
1451 9.87971e-06 0.00031932 7.22218e-05 3725.96 5911.4
1452 9.76912e-06 0.000317178 7.20301e-05 3725.96 5911.4
1453 9.90994e-06 0.000311832 7.2657e-05 3725.96 5911.4
1454 9.99518e-06 0.000316674 7.20328e-05 3725.96 5911.4
1455 1.01472e-05 0.000320995 7.14909e-05 3725.96 5911.4
1456 1.01284e-05 0.000323393 7.15947e-05 3725.95 5911.4
1457 1.01335e-05 0.000325171 7.24952e-05 3725.95 5911.4
1458 1.01577e-05 0.000324718 7.2182e-05 3725.95 5911.4
1459 1.00347e-05 0.000323727 7.24224e-05 3725.95 5911.4
1460 9.96697e-06 0.000322643 7.24343e-05 3725.95 5911.39
1461 9.88716e-06 0.000318391 7.25079e-05 3725.95 5911.39
1462 9.74771e-06 0.0003149 7.24407e-05 3725.95 5911.39
1463 9.9848e-06 0.000313141 7.20355e-05 3725.95 5911.39
1464 1.00608e-05 0.000318004 7.23556e-05 3725.95 5911.39
1465 1.00974e-05 0.000322037 7.14908e-05 3725.95 5911.39
1466 1.01971e-05 0.000324422 7.18249e-05 3725.95 5911.39
1467 1.01182e-05 0.000325181 7.22659e-05 3725.95 5911.39
1468 1.00955e-05 0.000325558 7.27963e-05 3725.95 5911.38
1469 1.00725e-05 0.000323367 7.21693e-05 3725.95 5911.38
1470 9.92436e-06 0.000321115 7.21326e-05 3725.95 5911.38
1471 9.8189e-06 0.000319081 7.19135e-05 3725.95 5911.38
1472 9.85084e-06 0.000313807 7.2719e-05 3725.95 5911.38
1473 9.95187e-06 0.000314476 7.22746e-05 3725.95 5911.38
1474 1.0125e-05 0.000319894 7.16845e-05 3725.95 5911.38
1475 1.01394e-05 0.000322871 7.16952e-05 3725.96 5911.38
1476 1.01363e-05 0.000325177 7.24115e-05 3725.96 5911.38
1477 1.01848e-05 0.000325647 7.23122e-05 3725.96 5911.39
1478 1.00638e-05 0.000324871 7.25142e-05 3725.96 5911.39
1479 1.00042e-05 0.000324023 7.26789e-05 3725.96 5911.39
1480 9.93831e-06 0.000320206 7.23744e-05 3725.96 5911.39
1481 9.7699e-06 0.000316926 7.25144e-05 3725.96 5911.39
1482 9.92136e-06 0.000314039 7.20801e-05 3725.96 5911.39
1483 1.00308e-05 0.00031604 7.25397e-05 3725.96 5911.39
1484 1.00794e-05 0.000320846 7.17292e-05 3725.96 5911.39
1485 1.01954e-05 0.000324203 7.16947e-05 3725.96 5911.39
1486 1.01454e-05 0.000325376 7.21513e-05 3725.96 5911.4
1487 1.01137e-05 0.00032616 7.28579e-05 3725.96 5911.4
1488 1.01095e-05 0.000324742 7.23329e-05 3725.96 5911.4
1489 9.96179e-06 0.00032264 7.23267e-05 3725.96 5911.4
1490 9.86483e-06 0.000320695 7.21422e-05 3725.96 5911.4
1491 9.77408e-06 0.000315597 7.2731e-05 3725.96 5911.4
1492 9.89643e-06 0.000311828 7.24574e-05 3725.96 5911.4
1493 1.00911e-05 0.000318314 7.18298e-05 3725.96 5911.4
1494 1.01355e-05 0.000321897 7.1951e-05 3725.96 5911.4
1495 1.01378e-05 0.000324835 7.22462e-05 3725.96 5911.4
1496 1.02021e-05 0.000326181 7.23539e-05 3725.96 5911.4
1497 1.00898e-05 0.000325752 7.25443e-05 3725.96 5911.4
1498 1.00376e-05 0.000325146 7.28597e-05 3725.96 5911.4
1499 9.98536e-06 0.000321967 7.21831e-05 3725.96 5911.4
1500 9.81702e-06 0.000318809 7.25245e-05 3725.96 5911.4
